"Time (UTC)","Barometric Pressure (mbar)","Temperature (degrees F)","Dewpoint (degrees F)","Relative Humidity (%)","Wind speed (mph)","Wind direction (degrees)","Analysis Barometric Pressure (mbar)","Analysis Temperature (degrees F)","Analysis Dewpoint (degrees F)","Analysis Relative Humidity (%)","Analysis Wind speed (mph)","Analysis Wind direction (degrees)"
2017-05-01 06:00:00,1010.98,65.3,65.3,100,4,180,,,,,,
2017-05-01 09:00:00,1010.31,68.7,64.4,86,0,0,,,,,,
2017-05-01 12:00:00,1007.18,73.4,64.0,72,2,160,,,,,,
2017-05-01 15:00:00,1006.73,75.2,63.1,66,3,180,,,,,,
2017-05-02 06:00:00,1009.19,71.6,68.4,89,2,200,,,,,,
2017-05-02 09:00:00,1009.19,69.4,68.4,96,0,0,,,,,,
2017-05-02 12:00:00,1006.17,68.9,67.6,95,0,0,,,,,,
2017-05-02 15:00:00,1004.94,74.5,63.5,68,2,270,,,,,,
2017-05-03 12:00:00,1005.84,75.2,66.6,74,3,160,,,,,,
2017-05-03 15:00:00,1003.27,75.6,65.8,71,4,180,,,,,,
2017-05-04 06:00:00,1007.18,69.8,67.1,91,2,180,,,,,,
2017-05-04 09:00:00,1007.63,78.8,66.7,66,4,180,,,,,,
2017-05-05 06:00:00,1008.30,70.5,68.0,91,0,0,,,,,,
2017-05-05 09:00:00,1008.30,72.5,67.1,83,2,90,,,,,,
2017-05-05 12:00:00,1005.50,74.8,68.7,81,0,0,,,,,,
2017-05-05 15:00:00,1005.17,72.5,68.5,87,2,160,,,,,,
2017-05-06 15:00:00,1005.73,75.2,67.1,75,5,180,,,,,,
2017-05-07 06:00:00,1009.41,67.1,67.1,100,0,0,,,,,,
2017-05-07 09:00:00,1009.08,76.6,66.4,70,2,270,,,,,,
2017-05-07 12:00:00,1006.40,78.4,66.9,67,7,250,,,,,,
2017-05-08 06:00:00,1008.30,71.6,68.4,89,2,180,,,,,,
2017-05-08 09:00:00,1009.52,75.6,68.4,78,4,250,,,,,,
2017-05-08 12:00:00,1006.95,77.4,67.5,71,5,160,,,,,,
2017-05-08 15:00:00,1005.17,73.4,67.5,81,0,0,,,,,,
2017-05-09 06:00:00,1008.07,74.3,67.6,79,4,180,,,,,,
2017-05-09 15:00:00,1004.50,77.7,66.9,69,3,180,,,,,,
2017-05-10 15:00:00,1004.61,75.2,68.5,79,0,0,,,,,,
2017-05-11 06:00:00,,71.6,68.4,89,2,290,,,,,,
2017-05-11 09:00:00,1008.07,78.8,69.4,73,5,90,,,,,,
2017-05-11 12:00:00,1006.06,79.7,67.6,66,4,180,,,,,,
2017-05-12 09:00:00,1009.75,77.0,67.6,72,4,180,,,,,,
2017-05-13 06:00:00,1008.85,72.0,67.6,86,0,0,,,,,,
2017-05-13 12:00:00,1006.17,80.6,67.1,63,7,90,,,,,,
2017-05-14 06:00:00,1008.74,68.9,67.6,95,0,0,,,,,,
2017-05-14 09:00:00,1009.08,74.8,67.3,77,3,180,,,,,,
2017-05-14 12:00:00,1006.28,78.8,65.8,64,2,160,,,,,,
2017-05-14 15:00:00,1004.94,78.4,67.1,68,2,140,,,,,,
2017-05-15 06:00:00,1009.41,70.2,68.4,94,0,0,,,,,,
2017-05-15 09:00:00,1009.97,69.8,67.1,91,4,230,,,,,,
2017-05-15 12:00:00,1006.95,78.1,67.3,69,2,230,,,,,,
2017-05-16 15:00:00,1005.61,77.4,66.0,68,4,160,,,,,,
2017-05-17 15:00:00,1004.83,74.8,67.3,77,4,180,,,,,,
2017-05-18 09:00:00,,73.0,68.7,86,0,0,,,,,,
2017-05-19 06:00:00,1012.09,66.6,64.8,93,2,160,,,,,,
2017-05-19 09:00:00,1011.54,72.5,65.8,79,2,110,,,,,,
2017-05-19 12:00:00,1008.07,79.5,66.6,64,6,110,,,,,,
2017-05-19 15:00:00,1007.85,77.0,66.2,69,7,140,,,,,,
2017-05-20 06:00:00,1011.54,68.4,67.8,98,0,0,,,,,,
2017-05-20 09:00:00,1010.98,75.6,66.9,74,2,180,,,,,,
2017-05-20 12:00:00,1008.30,79.7,65.5,61,3,180,,,,,,
2017-05-20 15:00:00,1007.85,77.9,66.4,67,2,160,,,,,,
2017-05-22 09:00:00,1008.30,72.5,67.5,84,6,180,,,,,,
2017-05-22 15:00:00,1004.83,77.9,66.7,68,3,120,,,,,,
2017-05-23 06:00:00,1009.19,70.7,68.0,91,0,0,,,,,,
2017-05-23 12:00:00,1007.40,78.8,65.3,63,4,160,,,,,,
2017-05-23 15:00:00,1006.62,77.9,65.8,66,3,200,,,,,,
2017-05-24 15:00:00,1006.17,77.9,67.1,69,4,160,,,,,,
2017-05-25 15:00:00,1004.94,77.9,66.7,68,8,110,,,,,,
2017-05-26 09:00:00,1008.18,81.0,65.7,59,3,110,,,,,,
2017-05-27 12:00:00,1006.95,80.6,65.8,60,4,180,,,,,,
2017-05-27 15:00:00,1006.28,78.8,65.3,63,2,180,,,,,,
2017-05-28 06:00:00,1011.54,70.2,64.2,81,2,360,,,,,,
2017-05-29 06:00:00,1009.97,72.0,65.5,80,0,0,,,,,,
2017-05-30 15:00:00,1008.52,64.4,64.4,100,0,0,,,,,,
2017-05-31 06:00:00,1012.21,67.1,67.1,100,0,0,,,,,,
2017-05-31 09:00:00,1011.42,74.3,67.6,79,2,250,,,,,,
2017-05-31 12:00:00,1009.08,79.7,65.5,61,2,270,,,,,,
2017-06-01 15:00:00,1008.18,73.4,65.8,77,0,0,,,,,,
2017-06-02 06:00:00,1010.31,72.5,68.0,85,2,110,,,,,,
2017-06-02 12:00:00,1007.63,80.2,66.7,63,3,230,,,,,,
2017-06-03 09:00:00,1010.87,76.1,69.4,79,5,180,,,,,,
2017-06-04 06:00:00,1010.20,69.4,66.7,91,0,0,,,,,,
2017-06-04 09:00:00,1010.08,79.9,65.8,62,2,180,,,,,,
2017-06-04 12:00:00,1007.18,79.7,65.5,61,2,230,,,,,,
2017-06-04 15:00:00,1006.73,77.4,67.1,70,4,160,,,,,,
2017-06-05 06:00:00,1009.30,72.5,68.5,87,0,0,,,,,,
2017-06-05 09:00:00,1009.41,81.5,68.0,63,2,270,,,,,,
2017-06-05 12:00:00,1007.18,79.2,67.8,68,5,180,,,,,,
2017-06-05 15:00:00,1005.95,78.8,67.5,68,4,180,,,,,,
2017-06-07 12:00:00,1006.73,81.3,66.7,61,5,270,,,,,,
2017-06-08 15:00:00,1005.73,76.6,66.9,72,0,0,,,,,,
2017-06-09 06:00:00,1009.41,69.8,66.6,89,0,0,,,,,,
2017-06-09 09:00:00,1008.85,78.8,66.9,67,2,110,,,,,,
2017-06-09 12:00:00,1007.18,80.6,66.0,61,6,160,,,,,,
2017-06-09 15:00:00,1006.62,76.1,66.7,72,2,250,,,,,,
2017-06-10 06:00:00,1008.74,72.5,69.1,89,2,250,,,,,,
2017-06-10 09:00:00,1008.85,78.8,66.9,67,3,180,,,,,,
2017-06-10 12:00:00,1006.84,81.3,64.0,55,6,160,,,,,,
2017-06-10 15:00:00,1006.17,78.8,65.3,63,4,140,,,,,,
2017-06-11 15:00:00,1004.50,77.7,65.8,66,2,160,,,,,,
2017-06-12 15:00:00,1005.17,77.0,64.9,66,3,160,,,,,,
2017-06-13 09:00:00,1007.29,79.2,66.2,64,4,160,,,,,,
2017-06-13 15:00:00,1005.28,77.9,65.3,65,6,270,,,,,,
2017-06-14 06:00:00,1007.51,74.3,67.6,79,3,180,,,,,,
2017-06-14 15:00:00,1005.05,76.6,68.0,74,4,180,,,,,,
2017-06-15 12:00:00,1007.29,78.8,65.3,63,2,250,,,,,,
2017-06-16 15:00:00,1006.06,72.3,66.4,81,2,230,,,,,,
2017-06-17 09:00:00,1007.29,78.8,65.3,63,3,900,,,,,,
2017-06-18 06:00:00,1007.51,68.9,66.6,92,0,0,,,,,,
2017-06-18 12:00:00,1005.28,77.0,64.9,66,2,160,,,,,,
2017-06-18 15:00:00,1004.72,74.8,63.5,67,2,180,,,,,,
2017-06-19 15:00:00,1006.17,77.4,63.9,63,2,180,,,,,,
2017-06-20 06:00:00,1009.52,69.4,66.7,91,0,0,,,,,,
2017-06-21 15:00:00,1005.50,77.0,64.0,64,2,90,,,,,,
2017-06-22 06:00:00,1008.41,70.5,67.8,91,0,0,,,,,,
2017-06-22 09:00:00,1008.52,79.7,61.7,54,2,270,,,,,,
2017-06-22 12:00:00,1006.17,82.4,64.0,53,3,230,,,,,,
2017-06-24 06:00:00,1008.85,66.2,66.2,100,0,0,,,,,,
2017-06-25 09:00:00,1009.41,78.4,64.4,62,4,270,,,,,,
2017-06-25 12:00:00,1007.07,78.8,64.2,61,3,250,,,,,,
2017-06-25 15:00:00,1006.17,77.0,64.0,64,4,180,,,,,,
2017-06-26 15:00:00,1006.28,77.0,66.2,69,4,180,,,,,,
2017-06-27 06:00:00,1007.96,72.5,68.0,85,0,0,,,,,,
2017-06-27 09:00:00,1007.85,78.8,64.2,61,5,180,,,,,,
2017-06-27 12:00:00,1006.28,77.0,64.9,66,2,180,,,,,,
2017-06-27 15:00:00,1005.28,75.2,64.9,70,0,0,,,,,,
2017-06-28 15:00:00,1006.06,75.6,65.8,71,4,180,,,,,,
2017-06-29 12:00:00,1009.97,65.3,65.3,100,4,160,,,,,,
2017-06-29 15:00:00,1008.18,66.6,64.9,94,4,180,,,,,,
2017-06-30 15:00:00,1006.40,76.1,64.0,66,7,180,,,,,,
2017-07-01 12:00:00,1007.18,78.8,64.8,62,4,230,,,,,,
2017-07-01 15:00:00,1006.51,77.0,64.0,64,4,160,,,,,,
2017-07-02 06:00:00,1009.19,68.4,65.1,89,0,0,,,,,,
2017-07-02 09:00:00,1008.85,77.0,64.9,66,2,290,,,,,,
2017-07-03 09:00:00,1010.08,69.8,66.6,89,0,0,,,,,,
2017-07-03 12:00:00,1006.51,76.1,66.2,71,0,0,,,,,,
2017-07-04 06:00:00,1009.19,65.3,62.6,90,0,0,,,,,,
2017-07-04 09:00:00,1009.75,75.2,63.1,66,2,320,,,,,,
2017-07-04 15:00:00,1006.84,73.4,65.8,77,2,180,,,,,,
2017-07-05 15:00:00,1008.52,66.2,66.2,100,0,0,,,,,,
2017-07-06 09:00:00,1011.42,74.3,62.8,67,3,270,,,,,,
2017-07-06 12:00:00,1008.97,73.4,64.8,74,3,180,,,,,,
2017-07-06 15:00:00,1007.85,73.4,65.3,75,2,270,,,,,,
2017-07-07 06:00:00,1011.65,65.8,63.7,92,0,0,,,,,,
2017-07-08 15:00:00,1008.41,73.8,65.3,74,3,180,,,,,,
2017-07-09 12:00:00,1008.74,77.9,60.4,55,6,160,,,,,,
2017-07-10 15:00:00,1006.62,77.0,63.5,63,3,180,,,,,,
2017-07-11 06:00:00,1010.53,67.1,64.4,91,0,0,,,,,,
2017-07-12 09:00:00,1012.09,71.6,63.5,75,0,0,,,,,,
2017-07-12 12:00:00,1009.52,75.6,64.2,67,0,180,,,,,,
2017-07-12 15:00:00,1008.74,76.1,62.6,63,0,0,,,,,,
2017-07-13 15:00:00,1006.95,77.7,64.6,64,0,0,,,,,,
2017-07-14 09:00:00,,76.6,66.9,72,0,0,,,,,,
2017-07-14 12:00:00,1006.84,65.3,65.3,100,0,0,,,,,,
2017-07-14 15:00:00,1006.17,78.4,65.5,64,4,160,,,,,,
2017-07-15 15:00:00,1006.95,68.0,68.0,100,0,0,,,,,,
2017-07-16 06:00:00,1009.52,66.2,66.2,100,2,90,,,,,,
2017-07-16 09:00:00,1009.75,75.6,66.9,74,4,270,,,,,,
2017-07-16 12:00:00,1007.29,78.8,64.0,60,4,270,,,,,,
2017-07-17 06:00:00,1010.20,68.0,66.7,95,0,0,,,,,,
2017-07-17 09:00:00,1010.53,76.1,66.2,71,2,270,,,,,,
2017-07-17 12:00:00,1008.52,77.9,64.4,63,2,70,,,,,,
2017-07-17 15:00:00,1007.40,77.0,64.9,66,2,160,,,,,,
2017-07-18 15:00:00,1008.07,78.8,64.8,62,5,160,,,,,,
2017-07-19 15:00:00,1007.74,75.6,66.9,74,4,140,,,,,,
2017-07-20 09:00:00,1010.42,72.0,,,3,320,,,,,,
2017-07-21 15:00:00,1004.72,77.9,64.4,63,2,160,,,,,,
2017-07-22 06:00:00,1009.08,69.8,64.9,84,6,320,,,,,,
2017-07-23 09:00:00,,74.1,66.6,77,0,0,,,,,,
2017-07-23 12:00:00,1007.96,74.3,67.6,79,2,70,,,,,,
2017-07-23 15:00:00,1006.17,71.6,66.7,84,0,0,,,,,,
2017-07-24 15:00:00,1006.51,75.2,61.7,62,3,160,,,,,,
2017-07-25 15:00:00,1008.07,66.6,66.6,100,2,290,,,,,,
2017-07-26 09:00:00,1009.75,77.9,65.3,65,6,270,,,,,,
2017-07-27 15:00:00,1006.28,78.8,64.0,60,0,0,,,,,,
2017-07-28 15:00:00,1006.84,73.4,64.8,74,4,180,,,,,,
2017-07-29 12:00:00,1008.85,71.2,67.8,88,0,0,,,,,,
2017-07-30 15:00:00,1005.28,76.1,64.6,67,5,180,,,,,,
2017-07-31 15:00:00,1006.73,77.0,65.1,66,4,180,,,,,,
2017-08-01 06:00:00,1011.42,69.4,64.6,84,0,0,,,,,,
2017-08-01 09:00:00,1010.87,73.4,67.5,81,3,320,,,,,,
2017-08-01 12:00:00,1008.85,77.0,65.1,66,6,270,,,,,,
2017-08-02 15:00:00,1009.19,74.8,65.7,73,4,180,,,,,,
2017-08-03 06:00:00,1010.31,75.2,66.6,74,0,0,,,,,,
2017-08-03 09:00:00,1010.53,77.9,64.4,63,3,90,,,,,,
2017-08-03 12:00:00,1009.08,81.3,58.6,46,4,180,,,,,,
2017-08-03 15:00:00,1007.18,76.3,63.9,65,3,160,,,,,,
2017-08-04 15:00:00,1005.73,72.3,68.0,86,4,180,,,,,,
2017-08-05 06:00:00,1009.75,68.0,66.7,95,0,0,,,,,,
2017-08-05 09:00:00,1009.75,77.4,66.6,69,4,320,,,,,,
2017-08-05 12:00:00,1007.07,76.6,63.0,62,12,140,,,,,,
2017-08-05 15:00:00,1005.39,77.0,63.5,63,2,180,,,,,,
2017-08-06 15:00:00,1005.84,78.8,64.0,60,2,180,,,,,,
2017-08-07 12:00:00,1006.73,81.7,63.9,54,0,0,,,,,,
2017-08-08 06:00:00,1009.52,68.9,64.9,87,2,20,,,,,,
2017-08-08 09:00:00,1010.08,76.1,66.7,72,6,320,,,,,,
2017-08-09 15:00:00,1005.50,75.2,65.5,71,2,140,,,,,,
2017-08-10 06:00:00,1009.86,65.8,65.1,97,6,320,,,,,,
2017-08-11 15:00:00,1007.29,73.4,66.7,79,2,270,,,,,,
2017-08-12 06:00:00,1010.42,66.2,66.2,100,4,160,,,,,,
2017-08-13 09:00:00,1008.97,77.9,64.4,63,0,0,,,,,,
2017-08-13 12:00:00,1006.95,76.6,64.8,66,5,140,,,,,,
2017-08-14 15:00:00,1005.05,77.0,63.5,63,2,180,,,,,,
2017-08-15 06:00:00,1008.41,68.0,65.3,91,0,0,,,,,,
2017-08-15 09:00:00,1007.96,78.8,65.3,63,2,290,,,,,,
2017-08-15 12:00:00,1005.05,79.7,64.9,60,6,180,,,,,,
2017-08-16 06:00:00,1008.30,68.9,66.2,91,0,0,,,,,,
2017-08-16 09:00:00,1007.74,70.7,66.7,87,0,0,,,,,,
2017-08-16 12:00:00,1004.72,76.1,64.0,66,0,0,,,,,,
2017-08-16 15:00:00,1003.49,77.4,64.8,65,2,180,,,,,,
2017-08-17 15:00:00,1004.61,77.0,66.7,70,0,0,,,,,,
2017-08-18 15:00:00,1004.50,70.5,65.7,84,0,0,,,,,,
2017-08-19 12:00:00,1006.28,79.9,62.1,54,4,160,,,,,,
2017-08-19 15:00:00,1005.28,77.0,64.9,66,6,160,,,,,,
2017-08-20 06:00:00,1009.52,68.7,65.5,89,0,0,,,,,,
2017-08-20 09:00:00,1008.97,77.0,66.2,69,4,20,,,,,,
2017-08-20 12:00:00,1006.40,79.7,64.9,60,4,20,,,,,,
2017-08-20 15:00:00,,77.0,64.6,65,3,180,,,,,,
2017-08-21 15:00:00,1003.60,77.0,64.9,66,2,140,,,,,,
2017-08-22 06:00:00,1007.85,68.7,66.6,92,5,20,,,,,,
2017-08-22 09:00:00,1008.63,74.3,64.9,72,4,50,,,,,,
2017-08-22 12:00:00,1006.17,78.8,62.1,56,6,50,,,,,,
2017-08-23 09:00:00,1008.18,77.0,63.5,63,4,180,,,,,,
2017-08-23 15:00:00,1003.60,78.8,65.3,63,2,200,,,,,,
2017-08-24 06:00:00,1006.40,72.5,64.4,75,6,320,,,,,,
2017-08-24 12:00:00,1003.83,82.8,64.8,54,4,160,,,,,,
2017-08-24 15:00:00,1003.49,68.9,67.6,95,4,180,,,,,,
2017-08-25 06:00:00,1007.85,67.1,67.1,100,0,0,,,,,,
2017-08-25 09:00:00,1006.95,77.7,67.3,70,4,90,,,,,,
2017-08-25 12:00:00,1004.61,70.9,68.7,92,0,0,,,,,,
2017-08-25 15:00:00,1004.72,71.6,67.6,87,4,270,,,,,,
2017-08-26 06:00:00,1007.51,67.1,65.8,95,3,20,,,,,,
2017-08-26 09:00:00,1007.40,78.1,67.8,70,3,340,,,,,,
2017-08-26 12:00:00,1004.61,81.0,65.7,59,0,0,,,,,,
2017-08-26 15:00:00,1004.61,73.8,65.7,75,2,160,,,,,,
2017-08-28 15:00:00,1004.61,75.2,63.1,66,3,20,,,,,,
2017-08-29 06:00:00,1009.08,67.1,63.1,87,5,270,,,,,,
2017-08-29 09:00:00,1007.96,77.9,64.4,63,4,50,,,,,,
2017-08-29 12:00:00,1004.83,80.6,64.4,57,0,0,,,,,,
2017-08-30 06:00:00,1009.41,64.4,64.4,100,4,20,,,,,,
2017-08-30 09:00:00,1009.08,69.4,65.1,86,4,320,,,,,,
2017-08-30 12:00:00,1007.07,74.3,64.9,72,2,90,,,,,,
2017-08-30 15:00:00,1006.40,70.7,65.3,83,3,20,,,,,,
2017-08-31 06:00:00,1009.41,67.6,66.9,97,4,340,,,,,,
2017-08-31 09:00:00,1009.30,77.0,67.3,72,6,50,,,,,,
2017-08-31 12:00:00,1006.06,79.7,64.9,60,5,20,,,,,,
2017-08-31 15:00:00,1005.17,79.2,64.0,59,2,270,,,,,,
2017-09-01 09:00:00,1008.74,77.0,64.9,66,4,270,,,,,,
2017-09-01 12:00:00,1006.84,70.9,66.6,86,4,180,,,,,,
2017-09-01 15:00:00,1005.28,71.2,68.0,89,0,0,,,,,,
2017-09-02 15:00:00,1004.72,74.8,67.3,77,4,180,,,,,,
2017-09-03 09:00:00,1008.74,75.9,67.3,74,2,20,,,,,,
2017-09-03 15:00:00,1005.28,69.8,65.8,87,3,180,,,,,,
2017-09-04 12:00:00,1008.30,75.9,63.0,64,0,0,,,,,,
2017-09-04 15:00:00,1008.07,72.5,63.7,73,6,90,,,,,,
2017-09-05 06:00:00,1011.42,66.6,64.4,92,0,0,,,,,,
2017-09-06 06:00:00,,70.2,64.8,83,3,340,,,,,,
2017-09-06 09:00:00,1010.53,78.8,67.3,67,2,90,,,,,,
2017-09-06 12:00:00,1006.62,73.4,69.4,87,0,0,,,,,,
2017-09-06 15:00:00,1006.95,74.3,68.9,83,0,0,,,,,,
2017-09-07 12:00:00,1006.73,79.2,65.1,62,2,90,,,,,,
2017-09-07 15:00:00,1005.50,78.8,62.6,57,5,230,,,,,,
2017-09-08 15:00:00,1004.50,75.9,66.7,73,4,180,,,,,,
2017-09-09 06:00:00,1008.18,71.6,66.7,84,2,50,,,,,,
2017-09-09 09:00:00,1007.51,79.7,64.9,60,2,270,,,,,,
2017-09-10 06:00:00,1008.41,69.4,67.3,92,0,0,,,,,,
2017-09-10 09:00:00,1008.85,77.0,67.6,72,0,0,,,,,,
2017-09-10 12:00:00,1006.28,71.2,65.3,81,2,320,,,,,,
2017-09-13 12:00:00,1003.83,77.4,64.9,65,2,180,,,,,,
2017-09-14 15:00:00,1006.06,70.2,65.8,86,2,20,,,,,,
2017-09-15 06:00:00,1009.86,67.1,64.4,91,0,0,,,,,,
2017-09-15 09:00:00,1009.64,77.0,66.2,69,4,90,,,,,,
2017-09-15 12:00:00,1005.95,78.8,65.3,63,3,90,,,,,,
2017-09-15 15:00:00,1005.17,80.6,63.1,55,0,0,,,,,,
2017-09-16 09:00:00,1008.41,80.2,67.3,64,2,360,,,,,,
2017-09-17 15:00:00,1005.50,72.3,69.6,91,4,180,,,,,,
2017-09-18 06:00:00,1009.75,68.0,65.3,91,0,0,,,,,,
2017-09-19 15:00:00,1006.40,69.1,68.5,98,0,0,,,,,,
2017-09-20 12:00:00,1007.18,79.9,66.2,63,4,140,,,,,,
2017-09-21 15:00:00,1004.94,75.9,64.0,66,2,180,,,,,,
2017-09-22 15:00:00,1005.95,75.2,64.4,69,2,200,,,,,,
2017-09-23 15:00:00,1005.84,76.1,69.4,79,0,0,,,,,,
2017-09-24 09:00:00,1009.52,77.0,66.2,69,5,70,,,,,,
2017-09-24 12:00:00,1005.73,80.6,60.4,50,5,90,,,,,,
2017-09-24 15:00:00,1005.61,73.4,65.3,75,2,320,,,,,,
2017-09-25 06:00:00,1007.51,68.0,66.4,94,3,50,,,,,,
2017-09-25 09:00:00,1006.51,78.8,64.8,62,2,90,,,,,,
2017-09-25 15:00:00,1004.05,68.0,64.2,87,2,50,,,,,,
2017-09-26 15:00:00,1003.16,80.6,65.8,60,2,20,,,,,,
2017-09-27 06:00:00,1009.19,72.0,69.3,91,0,0,,,,,,
2017-09-27 09:00:00,1009.08,73.4,68.5,84,2,250,,,,,,
2017-09-27 12:00:00,1006.06,75.6,66.9,74,3,180,,,,,,
2017-09-27 15:00:00,1004.83,79.5,67.1,65,2,110,,,,,,
2017-09-28 12:00:00,1004.72,82.4,64.9,55,4,180,,,,,,
2017-09-28 15:00:00,1004.50,79.9,65.8,62,0,0,,,,,,
2017-09-29 06:00:00,1007.63,66.9,65.8,96,0,0,,,,,,
2017-09-29 09:00:00,1007.40,73.8,65.7,75,0,0,,,,,,
2017-09-29 15:00:00,1004.50,75.2,65.3,71,0,0,,,,,,
2017-10-01 06:00:00,1008.41,71.6,65.1,80,4,20,,,,,,
2017-10-01 09:00:00,1007.96,79.7,63.9,58,2,160,,,,,,
2017-10-01 12:00:00,1005.39,80.6,64.4,57,5,110,,,,,,
2017-10-01 15:00:00,1005.39,75.6,65.8,71,4,180,,,,,,
2017-10-02 15:00:00,1003.60,78.8,64.2,61,2,180,,,,,,
2017-10-03 12:00:00,1004.61,69.8,62.2,76,2,270,,,,,,
2017-10-03 15:00:00,1002.71,77.7,66.9,69,3,290,,,,,,
2017-10-04 15:00:00,1004.83,78.4,66.6,67,4,180,,,,,,
2017-10-05 06:00:00,1008.07,72.5,67.1,83,2,70,,,,,,
2017-10-05 09:00:00,1007.74,78.8,68.0,69,4,160,,,,,,
2017-10-05 15:00:00,1004.38,79.2,65.1,62,3,180,,,,,,
2017-10-06 09:00:00,1006.40,81.5,62.6,52,4,160,,,,,,
2017-10-06 12:00:00,1003.71,82.4,63.5,52,2,160,,,,,,
2017-10-06 15:00:00,1002.93,79.3,67.8,67,2,180,,,,,,
2017-10-07 06:00:00,1007.51,69.4,66.0,88,2,270,,,,,,
2017-10-07 12:00:00,1003.49,83.3,64.4,53,2,140,,,,,,
2017-10-07 15:00:00,1001.93,80.6,65.5,60,2,180,,,,,,
2017-10-08 12:00:00,1002.82,83.3,64.4,53,6,90,,,,,,
2017-10-08 15:00:00,1001.93,80.6,65.5,60,4,160,,,,,,
2017-10-09 06:00:00,1005.50,72.5,66.4,81,6,270,,,,,,
2017-10-09 09:00:00,1005.17,78.8,65.3,63,8,270,,,,,,
2017-10-09 15:00:00,1002.37,73.4,66.7,79,0,0,,,,,,
2017-10-10 06:00:00,1007.96,65.1,65.1,100,0,0,,,,,,
2017-10-11 15:00:00,1003.71,72.3,65.8,80,2,20,,,,,,
2017-10-12 09:00:00,1007.74,76.1,64.6,67,4,160,,,,,,
2017-10-12 12:00:00,1005.50,78.8,66.9,67,4,270,,,,,,
2017-10-13 15:00:00,1004.16,77.4,65.5,66,3,180,,,,,,
2017-10-14 09:00:00,1008.30,70.5,67.3,89,2,90,,,,,,
2017-10-14 15:00:00,1003.71,77.0,64.0,64,4,230,,,,,,
2017-10-15 15:00:00,1005.84,77.0,65.7,68,2,200,,,,,,
2017-10-16 15:00:00,1005.28,81.5,66.2,59,0,0,,,,,,
2017-10-17 06:00:00,1008.85,72.3,67.3,84,3,290,,,,,,
2017-10-17 09:00:00,1007.85,80.6,67.1,63,3,50,,,,,,
2017-10-17 12:00:00,1004.16,82.0,68.0,62,0,0,,,,,,
2017-10-18 15:00:00,1003.38,72.3,68.0,86,0,0,,,,,,
2017-10-19 09:00:00,1009.52,72.5,67.5,84,3,70,,,,,,
2017-10-19 15:00:00,1006.28,74.3,67.1,78,2,70,,,,,,
2017-10-20 15:00:00,,68.7,190.0,100,0,0,,,,,,
2017-10-21 06:00:00,1010.08,68.4,67.3,96,2,70,,,,,,
2017-10-21 09:00:00,1009.64,77.0,66.2,69,3,180,,,,,,
2017-10-21 12:00:00,1005.84,81.5,65.7,58,3,180,,,,,,
2017-10-22 06:00:00,1010.08,67.3,66.2,96,2,270,,,,,,
2017-10-22 09:00:00,1009.30,77.0,64.6,65,2,90,,,,,,
2017-10-22 12:00:00,1006.51,79.7,65.5,61,2,160,,,,,,
2017-10-22 15:00:00,1004.61,77.9,65.8,66,0,0,,,,,,
2017-10-23 15:00:00,1004.61,71.6,66.2,83,2,180,,,,,,
2017-10-24 12:00:00,1005.17,80.6,61.7,52,6,180,,,,,,
2017-10-24 15:00:00,1004.61,77.9,61.7,57,2,180,,,,,,
2017-10-25 15:00:00,1003.38,75.2,68.5,79,2,250,,,,,,
2017-10-26 06:00:00,1007.74,70.5,67.3,89,0,0,,,,,,
2017-10-26 15:00:00,1004.27,78.4,66.6,67,4,180,,,,,,
2017-10-27 09:00:00,1005.84,77.9,65.8,66,0,0,,,,,,
2017-10-27 12:00:00,1002.60,82.0,63.7,53,2,180,,,,,,
2017-10-27 15:00:00,1002.37,77.0,67.3,72,2,270,,,,,,
2017-10-28 15:00:00,1002.15,77.4,67.5,71,0,0,,,,,,
2017-10-29 15:00:00,1002.93,73.8,67.3,80,6,180,,,,,,
2017-10-30 09:00:00,1007.07,68.9,63.9,84,0,0,,,,,,
2017-10-30 15:00:00,1004.50,75.7,63.7,66,2,180,,,,,,
2017-10-31 06:00:00,1008.85,68.0,65.3,91,0,0,,,,,,
2017-10-31 09:00:00,1008.30,77.0,66.2,69,0,0,,,,,,
2017-10-31 12:00:00,1005.17,77.7,67.3,70,2,230,,,,,,
2017-10-31 15:00:00,1004.50,78.8,65.8,64,4,180,,,,,,
2017-11-01 09:00:00,1007.18,80.2,64.0,57,4,160,,,,,,
2017-11-01 15:00:00,1003.94,77.0,66.2,69,4,160,,,,,,
2017-11-02 15:00:00,1003.49,78.8,63.1,58,2,180,,,,,,
2017-11-03 15:00:00,1002.60,78.4,65.5,64,4,180,,,,,,
2017-11-04 06:00:00,1008.41,66.2,64.0,92,4,20,,,,,,
2017-11-04 09:00:00,1008.52,68.4,65.7,91,6,290,,,,,,
2017-11-04 12:00:00,1004.83,74.1,63.9,70,4,340,,,,,,
2017-11-04 15:00:00,1004.16,74.1,65.5,74,4,290,,,,,,
2017-11-05 06:00:00,1008.97,65.8,63.7,92,0,0,,,,,,
2017-11-05 09:00:00,1008.41,72.0,64.8,78,3,20,,,,,,
2017-11-05 12:00:00,1005.05,75.9,65.1,69,3,110,,,,,,
2017-11-05 15:00:00,1004.16,75.6,66.9,74,4,90,,,,,,
2017-11-06 06:00:00,1007.40,69.4,67.3,92,0,0,,,,,,
2017-11-07 09:00:00,1009.30,63.1,,,0,0,,,,,,
2017-11-07 12:00:00,1005.61,73.4,65.8,77,4,180,,,,,,
2017-11-07 15:00:00,1004.27,72.3,66.9,83,2,160,,,,,,
2017-11-08 06:00:00,1008.18,68.0,67.5,98,0,0,,,,,,
2017-11-08 09:00:00,1007.51,72.5,65.8,79,4,110,,,,,,
2017-11-08 12:00:00,1003.83,74.8,66.7,75,4,180,,,,,,
2017-11-08 15:00:00,1004.61,71.6,66.2,83,0,0,,,,,,
2017-11-09 12:00:00,1003.83,78.8,66.7,66,3,180,,,,,,
2017-11-09 15:00:00,1003.60,74.5,66.9,77,0,0,,,,,,
2017-11-10 06:00:00,1007.07,69.1,64.8,86,0,0,,,,,,
2017-11-10 09:00:00,1005.95,78.8,66.4,65,3,90,,,,,,
2017-11-10 12:00:00,1003.60,68.0,65.3,91,0,0,,,,,,
2017-11-10 15:00:00,1003.16,70.9,66.6,86,3,270,,,,,,
2017-11-11 06:00:00,1007.07,69.1,66.2,90,0,0,,,,,,
2017-11-11 09:00:00,1006.17,78.8,65.3,63,2,180,,,,,,
2017-11-11 12:00:00,1003.38,80.2,66.0,62,5,180,,,,,,
2017-11-11 15:00:00,1002.48,77.0,65.1,66,0,0,,,,,,
2017-11-12 06:00:00,1007.51,65.5,65.5,100,0,0,,,,,,
2017-11-12 09:00:00,1007.74,74.1,66.6,77,0,0,,,,,,
2017-11-12 12:00:00,1004.38,70.9,68.7,92,2,340,,,,,,
2017-11-12 15:00:00,1003.71,72.7,67.3,83,4,160,,,,,,
2017-11-13 06:00:00,1007.51,69.8,66.6,89,3,290,,,,,,
2017-11-13 12:00:00,1003.49,79.9,66.4,63,4,110,,,,,,
2017-11-14 15:00:00,,72.0,67.5,85,0,0,,,,,,
2017-11-15 06:00:00,1006.95,72.0,67.1,84,3,90,,,,,,
2017-11-16 06:00:00,1005.95,69.8,62.8,78,0,0,,,,,,
2017-11-16 09:00:00,1005.39,80.6,66.6,62,2,160,,,,,,
2017-11-16 12:00:00,1003.27,77.7,68.5,73,0,0,,,,,,
2017-11-16 15:00:00,1002.71,75.9,67.8,76,0,0,,,,,,
2017-11-17 06:00:00,1006.62,68.0,63.7,86,0,0,,,,,,
2017-11-17 09:00:00,1006.17,77.9,64.8,64,4,320,,,,,,
2017-11-17 12:00:00,1003.04,77.9,65.8,66,5,320,,,,,,
2017-11-17 15:00:00,1002.93,70.7,66.7,87,2,340,,,,,,
2017-11-18 06:00:00,1007.63,71.6,64.9,79,0,0,,,,,,
2017-11-19 12:00:00,1003.71,81.5,67.3,62,2,160,,,,,,
2017-11-20 06:00:00,1007.85,72.3,64.6,76,0,0,,,,,,
2017-11-20 09:00:00,1007.63,77.9,64.4,63,2,70,,,,,,
2017-11-20 15:00:00,1004.72,77.9,64.0,62,2,160,,,,,,
2017-11-21 06:00:00,1007.18,70.9,62.6,75,2,90,,,,,,
2017-11-21 09:00:00,1006.84,79.9,62.1,54,2,90,,,,,,
2017-11-21 12:00:00,1003.71,83.3,63.1,50,4,340,,,,,,
2017-11-21 15:00:00,1002.82,80.6,64.4,57,3,50,,,,,,
2017-11-22 12:00:00,1003.83,81.5,62.6,52,4,90,,,,,,
2017-11-23 06:00:00,1006.40,69.8,62.8,78,3,320,,,,,,
2017-11-23 09:00:00,1006.40,75.2,61.7,62,2,290,,,,,,
2017-11-23 15:00:00,,77.0,63.5,63,3,90,,,,,,
2017-11-24 09:00:00,1008.63,64.4,64.4,100,2,290,,,,,,
2017-11-24 12:00:00,1005.73,69.8,64.4,83,0,0,,,,,,
2017-11-24 15:00:00,1005.28,68.7,65.5,89,3,290,,,,,,
2017-11-25 06:00:00,1008.97,68.9,64.9,87,3,290,,,,,,
2017-11-25 15:00:00,1004.83,77.4,64.4,64,3,290,,,,,,
2017-11-26 15:00:00,1006.28,75.9,65.1,69,4,180,,,,,,
2017-11-27 06:00:00,1009.75,72.5,68.5,87,0,0,,,,,,
2017-11-27 09:00:00,1008.41,79.5,66.4,64,4,180,,,,,,
2017-11-27 12:00:00,1006.06,73.4,68.0,83,0,0,,,,,,
2017-11-29 09:00:00,1008.85,68.9,64.4,85,0,0,,,,,,
2017-11-29 15:00:00,1004.61,79.7,66.2,63,2,340,,,,,,
2017-11-30 06:00:00,1008.74,68.0,64.0,87,3,290,,,,,,
2017-11-30 12:00:00,1006.06,77.9,66.9,69,2,200,,,,,,
2017-11-30 15:00:00,1004.72,75.9,65.5,70,2,180,,,,,,
2017-12-01 06:00:00,1008.52,71.6,64.9,79,2,180,,,,,,
2017-12-01 09:00:00,1007.63,78.3,64.2,62,3,180,,,,,,
2017-12-01 12:00:00,1004.16,77.9,64.4,63,3,160,,,,,,
2017-12-01 15:00:00,,74.3,64.9,72,3,140,,,,,,
2017-12-02 06:00:00,1008.30,69.8,65.8,87,0,0,,,,,,
2017-12-02 09:00:00,1007.18,78.8,65.8,64,0,0,,,,,,
2017-12-02 12:00:00,1004.05,80.6,61.7,52,6,340,,,,,,
2017-12-02 15:00:00,1003.60,79.2,61.9,55,4,320,,,,,,
2017-12-03 06:00:00,1008.18,70.9,66.6,86,0,0,,,,,,
2017-12-03 09:00:00,1008.18,79.5,64.9,61,4,340,,,,,,
2017-12-03 12:00:00,1005.73,75.9,65.5,70,6,90,,,,,,
2017-12-03 15:00:00,1004.94,76.1,66.2,71,2,180,,,,,,
2017-12-04 06:00:00,1008.41,68.7,66.6,92,0,0,,,,,,
2017-12-04 09:00:00,1007.74,75.2,68.2,78,2,270,,,,,,
2017-12-05 15:00:00,1003.04,79.2,61.9,55,2,160,,,,,,
2017-12-06 09:00:00,1006.62,69.4,67.3,92,4,180,,,,,,
2017-12-06 12:00:00,1003.71,78.8,65.3,63,2,160,,,,,,
2017-12-07 06:00:00,1006.28,73.0,69.3,87,6,110,,,,,,
2017-12-08 06:00:00,1005.95,70.2,68.4,94,0,0,,,,,,
2017-12-08 09:00:00,1005.05,78.1,65.7,65,0,0,,,,,,
2017-12-08 12:00:00,1002.26,78.8,67.5,68,3,180,,,,,,
2017-12-08 15:00:00,1001.70,78.1,66.2,66,4,160,,,,,,
2017-12-09 12:00:00,1002.26,78.1,65.7,65,5,270,,,,,,
2017-12-10 06:00:00,1006.40,71.6,67.8,87,2,290,,,,,,
2017-12-10 09:00:00,1005.84,77.7,65.8,66,2,20,,,,,,
2017-12-10 15:00:00,1003.71,77.0,65.7,68,0,0,,,,,,
2017-12-11 06:00:00,1008.41,68.9,62.2,79,3,290,,,,,,
2017-12-11 09:00:00,1007.85,76.1,61.3,60,2,90,,,,,,
2017-12-11 12:00:00,1005.39,81.5,61.9,51,6,180,,,,,,
2017-12-11 15:00:00,1005.17,77.0,64.9,66,2,160,,,,,,
2017-12-12 06:00:00,,68.0,65.3,91,0,0,,,,,,
2017-12-12 09:00:00,1007.74,79.2,61.9,55,2,160,,,,,,
2017-12-12 12:00:00,1005.61,81.5,63.5,54,4,180,,,,,,
2017-12-12 15:00:00,1005.39,79.5,64.4,60,3,160,,,,,,
2017-12-13 06:00:00,1008.41,68.9,63.5,82,2,290,,,,,,
2017-12-14 12:00:00,1004.72,82.4,65.7,57,0,0,,,,,,
2017-12-14 15:00:00,1004.05,79.7,65.5,61,3,180,,,,,,
2017-12-15 09:00:00,1007.07,81.5,61.3,50,4,160,,,,,,
2017-12-16 06:00:00,1007.40,69.1,64.8,86,0,0,,,,,,
2017-12-16 15:00:00,1003.71,79.5,64.9,61,3,180,,,,,,
2017-12-18 12:00:00,1003.71,81.3,65.5,58,2,180,,,,,,
2017-12-19 09:00:00,1006.51,80.6,65.8,60,4,160,,,,,,
2017-12-19 15:00:00,1002.93,79.7,66.6,64,2,160,,,,,,
2017-12-20 06:00:00,1007.63,70.7,66.7,87,0,0,,,,,,
2017-12-20 09:00:00,1007.63,79.7,64.9,60,2,160,,,,,,
2017-12-20 12:00:00,1004.94,82.4,65.1,56,4,90,,,,,,
2017-12-20 15:00:00,1004.27,80.2,65.1,60,2,180,,,,,,
2017-12-23 06:00:00,1006.51,70.7,57.2,62,0,0,,,,,,
2017-12-23 09:00:00,1006.28,82.4,62.2,50,2,20,,,,,,
2017-12-23 15:00:00,1002.82,80.6,65.8,60,2,120,,,,,,
2017-12-24 06:00:00,1006.06,71.6,63.5,75,0,0,,,,,,
2017-12-24 09:00:00,1005.28,82.4,62.2,50,2,90,,,,,,
2017-12-24 12:00:00,1002.71,86.4,59.9,41,4,180,,,,,,
2017-12-24 15:00:00,1001.93,83.5,63.0,50,0,0,,,,,,
2017-12-25 06:00:00,1008.18,70.2,58.8,67,0,0,,,,,,
2017-12-25 09:00:00,1006.95,80.6,56.3,43,3,160,,,,,,
2017-12-25 12:00:00,1004.27,84.2,54.5,36,2,160,,,,,,
2017-12-25 15:00:00,1003.49,79.7,60.8,52,3,160,,,,,,
2017-12-26 06:00:00,1007.96,72.3,66.9,83,0,0,,,,,,
2017-12-26 09:00:00,1006.28,81.5,65.3,58,4,160,,,,,,
2017-12-26 12:00:00,1003.60,83.3,64.4,53,4,180,,,,,,
2017-12-26 15:00:00,1003.04,78.8,65.3,63,4,160,,,,,,
2017-12-27 06:00:00,,69.8,64.4,83,0,0,,,,,,
2017-12-27 09:00:00,1005.17,82.4,60.8,48,2,270,,,,,,
2017-12-27 12:00:00,1002.48,84.6,58.5,41,3,180,,,,,,
2017-12-28 06:00:00,1006.62,69.8,63.9,81,3,290,,,,,,
2017-12-28 09:00:00,1005.73,81.0,58.3,46,6,290,,,,,,
2017-12-28 12:00:00,1002.60,86.4,57.6,37,4,320,,,,,,
2017-12-28 15:00:00,1002.37,83.1,63.1,51,2,180,,,,,,
2017-12-29 09:00:00,1007.29,80.6,61.2,51,5,20,,,,,,
2017-12-29 12:00:00,1004.16,85.1,63.3,48,2,90,,,,,,
2017-12-29 15:00:00,1003.49,83.3,63.1,50,4,180,,,,,,
2017-12-30 06:00:00,,72.3,65.8,80,4,270,,,,,,
2017-12-30 09:00:00,1007.40,77.7,65.8,66,2,230,,,,,,
2017-12-30 12:00:00,1005.05,69.8,66.0,87,0,0,,,,,,
2017-12-30 15:00:00,1003.94,75.2,65.5,71,2,160,,,,,,
2018-01-01 06:00:00,1008.30,67.1,64.8,92,2,290,,,,,,
2018-01-01 12:00:00,1004.16,77.9,63.1,60,0,0,,,,,,
2018-01-02 06:00:00,1007.40,67.1,67.1,100,0,0,,,,,,
2018-01-02 09:00:00,1006.84,73.4,62.6,69,2,320,,,,,,
2018-01-02 12:00:00,1003.94,78.8,65.3,63,5,270,,,,,,
2018-01-02 15:00:00,1002.60,75.6,65.7,71,0,0,,,,,,
2018-01-03 06:00:00,1007.63,66.2,64.9,95,4,320,,,,,,
2018-01-03 09:00:00,1006.84,75.2,57.9,55,2,90,,,,,,
2018-01-03 12:00:00,1003.27,79.7,58.1,47,7,290,,,,,,
2018-01-05 09:00:00,1006.51,76.1,59.9,57,4,90,,,,,,
2018-01-05 12:00:00,1003.60,81.5,58.6,45,5,360,,,,,,
2018-01-06 15:00:00,1003.38,80.6,53.6,39,0,0,,,,,,
2018-01-08 06:00:00,1008.63,68.0,57.2,68,4,320,,,,,,
2018-01-08 09:00:00,1007.29,77.9,56.3,47,8,360,,,,,,
2018-01-09 06:00:00,1008.85,68.0,55.0,63,2,360,,,,,,
2018-01-09 09:00:00,1008.18,77.9,52.3,41,3,340,,,,,,
2018-01-09 12:00:00,1004.50,86.0,52.3,31,4,340,,,,,,
2018-01-09 15:00:00,1003.71,86.0,56.3,36,2,360,,,,,,
2018-01-10 06:00:00,1008.74,68.4,66.6,93,2,290,,,,,,
2018-01-10 09:00:00,1007.63,77.7,55.0,45,4,270,,,,,,
2018-01-10 12:00:00,1004.05,84.9,52.9,33,3,320,,,,,,
2018-01-10 15:00:00,1003.04,84.2,56.7,39,2,290,,,,,,
2018-01-11 06:00:00,1007.29,71.2,60.4,68,0,0,,,,,,
2018-01-11 09:00:00,1006.51,78.8,57.2,47,4,270,,,,,,
2018-01-11 12:00:00,1003.71,82.4,60.8,48,6,180,,,,,,
2018-01-11 15:00:00,1003.60,79.2,65.1,62,4,180,,,,,,
2018-01-12 06:00:00,1008.07,71.2,66.4,84,0,0,,,,,,
2018-01-12 09:00:00,1006.95,77.0,64.0,64,3,160,,,,,,
2018-01-12 12:00:00,1005.95,76.1,65.8,70,15,20,,,,,,
2018-01-12 15:00:00,1004.05,65.1,64.0,96,0,0,,,,,,
2018-01-13 09:00:00,1006.62,79.5,66.4,64,2,90,,,,,,
2018-01-13 12:00:00,1004.61,74.3,67.1,78,4,160,,,,,,
2018-01-13 15:00:00,1003.60,75.2,65.8,72,2,180,,,,,,
2018-01-14 06:00:00,1007.85,70.7,66.7,87,4,180,,,,,,
2018-01-14 12:00:00,1004.16,79.9,66.0,62,7,180,,,,,,
2018-01-14 15:00:00,1003.49,73.4,61.3,66,2,160,,,,,,
2018-01-15 06:00:00,1007.85,69.8,64.4,83,0,0,,,,,,
2018-01-15 09:00:00,1007.63,78.4,62.8,58,2,340,,,,,,
2018-01-15 12:00:00,1004.61,83.1,62.1,49,4,340,,,,,,
2018-01-15 15:00:00,1003.94,77.9,67.1,69,2,270,,,,,,
2018-01-16 06:00:00,1008.63,70.9,67.6,89,2,290,,,,,,
2018-01-16 09:00:00,1007.40,78.8,62.6,57,4,290,,,,,,
2018-01-16 12:00:00,,84.2,59.4,43,2,320,,,,,,
2018-01-16 15:00:00,1003.27,77.4,68.7,74,5,180,,,,,,
2018-01-17 06:00:00,1006.95,68.0,56.1,65,2,320,,,,,,
2018-01-17 09:00:00,1006.06,79.7,58.1,47,2,50,,,,,,
2018-01-17 12:00:00,1002.93,86.0,56.3,36,2,90,,,,,,
2018-01-17 15:00:00,1001.59,84.9,56.1,37,4,90,,,,,,
2018-01-18 06:00:00,1007.18,71.6,67.8,87,3,290,,,,,,
2018-01-18 09:00:00,1006.40,80.6,60.4,50,2,250,,,,,,
2018-01-18 12:00:00,1003.27,81.5,58.6,45,4,270,,,,,,
2018-01-18 15:00:00,1002.60,78.1,67.1,69,3,180,,,,,,
2018-01-19 06:00:00,1006.73,68.4,67.8,98,2,290,,,,,,
2018-01-19 09:00:00,1005.73,79.7,58.5,48,2,290,,,,,,
2018-01-19 12:00:00,1002.48,84.9,55.6,36,4,340,,,,,,
2018-01-19 15:00:00,1001.81,84.2,55.9,38,2,70,,,,,,
2018-01-20 12:00:00,1004.83,79.7,62.2,55,8,320,,,,,,
2018-01-20 15:00:00,1003.94,81.3,54.3,39,6,320,,,,,,
2018-01-21 15:00:00,1003.83,77.4,63.3,62,3,180,,,,,,
2018-01-22 06:00:00,1006.73,69.8,65.8,87,2,290,,,,,,
2018-01-22 09:00:00,1005.73,81.5,63.0,53,2,250,,,,,,
2018-01-22 12:00:00,1002.37,82.4,65.1,56,5,90,,,,,,
2018-01-23 12:00:00,1002.93,77.9,65.8,66,8,120,,,,,,
2018-01-23 15:00:00,1002.15,78.4,65.5,64,4,290,,,,,,
2018-01-24 06:00:00,1006.84,68.9,66.4,91,3,290,,,,,,
2018-01-24 09:00:00,1005.95,77.2,62.1,59,5,270,,,,,,
2018-01-25 06:00:00,1007.40,64.8,63.1,94,2,270,,,,,,
2018-01-25 09:00:00,1007.85,70.7,64.4,80,3,270,,,,,,
2018-01-25 12:00:00,1005.61,72.0,66.9,84,5,180,,,,,,
2018-01-25 15:00:00,1004.38,68.5,66.4,92,3,220,,,,,,
2018-01-26 06:00:00,1008.74,65.3,62.6,90,0,0,,,,,,
2018-01-26 09:00:00,1007.85,71.6,64.9,79,0,0,,,,,,
2018-01-26 12:00:00,1004.72,73.8,63.9,71,2,270,,,,,,
2018-01-26 15:00:00,1003.04,74.3,66.2,75,2,90,,,,,,
2018-01-27 06:00:00,1007.18,67.1,65.8,95,2,270,,,,,,
2018-01-27 09:00:00,1006.84,76.1,62.6,63,3,270,,,,,,
2018-01-27 12:00:00,1003.60,82.4,62.4,50,2,90,,,,,,
2018-01-27 15:00:00,1002.04,78.8,63.1,58,8,160,,,,,,
2018-01-28 06:00:00,1007.07,69.4,67.3,92,0,0,,,,,,
2018-01-28 09:00:00,1006.28,78.1,66.7,68,5,180,,,,,,
2018-01-28 12:00:00,1003.27,79.7,63.5,57,2,110,,,,,,
2018-01-28 15:00:00,1002.37,77.7,66.9,69,2,90,,,,,,
2018-01-29 06:00:00,1007.07,69.8,66.4,88,2,340,,,,,,
2018-01-29 09:00:00,1006.40,80.2,64.0,57,0,0,,,,,,
2018-01-29 12:00:00,1003.16,83.3,63.3,51,3,90,,,,,,
2018-01-29 15:00:00,1002.37,77.4,67.5,71,3,160,,,,,,
2018-01-30 09:00:00,1006.17,82.0,57.0,42,6,290,,,,,,
2018-01-31 12:00:00,1003.27,86.7,57.0,36,4,90,,,,,,
2018-01-31 15:00:00,1002.93,81.3,61.9,51,2,110,,,,,,
2018-02-01 06:00:00,1006.84,69.8,60.4,72,3,290,,,,,,
2018-02-01 09:00:00,1005.39,80.6,62.6,54,3,320,,,,,,
2018-02-02 06:00:00,1005.61,70.2,65.8,86,2,270,,,,,,
2018-02-02 09:00:00,1005.17,82.0,62.1,50,2,180,,,,,,
2018-02-02 12:00:00,1002.82,82.4,62.8,51,8,160,,,,,,
2018-02-02 15:00:00,1002.15,79.7,68.4,68,4,160,,,,,,
2018-02-03 06:00:00,1006.73,70.7,67.3,88,2,140,,,,,,
2018-02-03 09:00:00,1006.06,82.4,64.9,55,2,70,,,,,,
2018-02-03 12:00:00,1003.04,86.9,59.9,40,2,90,,,,,,
2018-02-03 15:00:00,1002.37,84.9,63.7,49,3,180,,,,,,
2018-02-04 06:00:00,1006.06,70.7,63.0,76,2,70,,,,,,
2018-02-04 09:00:00,1005.39,82.8,59.4,45,2,250,,,,,,
2018-02-04 12:00:00,1002.48,86.9,59.7,40,2,180,,,,,,
2018-02-04 15:00:00,1002.26,83.1,60.4,46,2,160,,,,,,
2018-02-05 06:00:00,1005.39,72.5,63.7,73,0,0,,,,,,
2018-02-05 09:00:00,1004.61,84.2,58.6,42,2,250,,,,,,
2018-02-06 06:00:00,,72.0,64.8,78,2,250,,,,,,
2018-02-06 09:00:00,1005.05,84.2,61.0,45,4,270,,,,,,
2018-02-06 12:00:00,1002.15,84.2,59.9,44,3,160,,,,,,
2018-02-06 15:00:00,1001.48,79.5,62.2,55,3,180,,,,,,
2018-02-07 06:00:00,1005.17,73.4,70.7,91,2,270,,,,,,
2018-02-07 09:00:00,1004.94,83.3,65.8,55,2,200,,,,,,
2018-02-07 12:00:00,1002.26,79.7,67.1,65,5,180,,,,,,
2018-02-07 15:00:00,1001.70,77.0,66.2,69,4,180,,,,,,
2018-02-08 06:00:00,1005.61,72.5,71.2,95,0,0,,,,,,
2018-02-08 09:00:00,1004.94,82.4,67.6,61,8,180,,,,,,
2018-02-08 12:00:00,1001.93,84.0,64.0,51,6,180,,,,,,
2018-02-08 15:00:00,1001.59,82.4,63.5,52,2,160,,,,,,
2018-02-09 06:00:00,1006.17,68.9,67.6,95,0,0,,,,,,
2018-02-09 09:00:00,1005.95,71.6,64.9,79,3,270,,,,,,
2018-02-09 12:00:00,1002.48,77.9,61.7,57,3,270,,,,,,
2018-02-09 15:00:00,1001.37,77.0,63.5,63,0,0,,,,,,
2018-02-10 15:00:00,1000.58,81.3,65.5,58,3,160,,,,,,
2018-02-11 06:00:00,1006.95,70.7,64.0,79,0,0,,,,,,
2018-02-11 09:00:00,1005.95,83.3,59.0,43,2,320,,,,,,
2018-02-11 12:00:00,1003.04,86.0,59.0,40,4,230,,,,,,
2018-02-11 15:00:00,1002.71,78.8,65.3,63,6,180,,,,,,
2018-02-12 06:00:00,1008.07,70.5,68.2,92,2,290,,,,,,
2018-02-12 09:00:00,1007.40,81.5,65.1,57,2,290,,,,,,
2018-02-12 12:00:00,1005.05,79.7,67.6,66,4,160,,,,,,
2018-02-12 15:00:00,1004.72,77.9,63.1,60,3,230,,,,,,
2018-02-13 06:00:00,1008.52,71.6,66.2,83,3,250,,,,,,
2018-02-13 09:00:00,1008.07,81.3,62.8,53,4,70,,,,,,
2018-02-13 12:00:00,1005.50,85.3,65.3,51,5,180,,,,,,
2018-02-13 15:00:00,1003.94,81.3,64.0,55,4,160,,,,,,
2018-02-14 06:00:00,1007.63,73.4,68.0,83,2,250,,,,,,
2018-02-14 09:00:00,1007.29,83.3,65.8,55,3,70,,,,,,
2018-02-14 12:00:00,1004.61,84.2,60.3,44,2,180,,,,,,
2018-02-14 15:00:00,1003.94,78.8,68.9,71,6,180,,,,,,
2018-02-15 06:00:00,1007.07,72.5,68.5,87,2,250,,,,,,
2018-02-15 09:00:00,1006.73,85.1,58.1,40,4,160,,,,,,
2018-02-15 12:00:00,1003.60,87.8,62.2,42,3,290,,,,,,
2018-02-15 15:00:00,1003.16,82.0,63.7,53,6,160,,,,,,
2018-02-16 09:00:00,1007.07,84.9,60.1,43,4,160,,,,,,
2018-02-16 15:00:00,1003.04,83.1,61.5,48,4,160,,,,,,
2018-02-17 06:00:00,1007.07,75.2,67.1,75,2,180,,,,,,
2018-02-17 12:00:00,1002.71,88.7,64.4,44,7,180,,,,,,
2018-02-17 15:00:00,,84.2,61.3,46,2,160,,,,,,
2018-02-18 15:00:00,,77.7,66.9,69,0,0,,,,,,
2018-02-19 09:00:00,1006.62,74.3,64.9,72,2,200,,,,,,
2018-02-20 15:00:00,1001.70,79.5,63.7,58,4,180,,,,,,
2018-02-21 06:00:00,1006.62,67.1,65.8,95,0,0,,,,,,
2018-02-21 09:00:00,1007.29,69.1,65.3,87,2,180,,,,,,
2018-02-21 12:00:00,1003.27,76.1,65.3,69,2,290,,,,,,
2018-02-22 15:00:00,999.47,80.2,66.0,62,2,180,,,,,,
2018-02-23 06:00:00,1004.61,69.1,66.9,92,3,250,,,,,,
2018-02-23 09:00:00,1004.16,79.5,64.9,61,4,270,,,,,,
2018-02-23 12:00:00,1001.14,82.8,64.4,54,2,160,,,,,,
2018-02-23 15:00:00,1000.25,81.5,64.0,55,2,180,,,,,,
2018-02-24 09:00:00,1006.28,78.1,66.2,66,2,270,,,,,,
2018-02-25 15:00:00,1002.82,81.0,65.3,59,4,160,,,,,,
2018-02-26 06:00:00,1008.52,67.3,66.7,98,0,0,,,,,,
2018-02-26 09:00:00,1007.96,69.4,66.0,88,4,270,,,,,,
2018-02-26 12:00:00,1004.05,80.2,64.0,57,4,320,,,,,,
2018-02-28 06:00:00,1006.95,68.9,67.6,95,0,0,,,,,,
2018-02-28 15:00:00,1002.93,78.8,65.3,63,4,320,,,,,,
2018-03-01 06:00:00,1007.07,69.4,64.0,82,2,270,,,,,,
2018-03-01 09:00:00,1007.40,77.7,64.6,64,2,250,,,,,,
2018-03-01 12:00:00,1003.27,82.4,66.2,58,4,270,,,,,,
2018-03-01 15:00:00,1005.50,65.8,65.8,100,2,160,,,,,,
2018-03-02 09:00:00,,69.8,65.3,85,6,290,,,,,,
2018-03-02 12:00:00,1006.06,68.9,63.9,84,7,320,,,,,,
2018-03-03 06:00:00,1007.29,66.6,63.9,91,0,0,,,,,,
2018-03-03 09:00:00,,74.3,64.4,71,2,200,,,,,,
2018-03-03 12:00:00,1003.83,79.2,64.0,59,3,180,,,,,,
2018-03-03 15:00:00,1003.49,66.2,65.7,98,4,180,,,,,,
2018-03-04 06:00:00,1007.40,67.1,67.1,100,0,0,,,,,,
2018-03-04 09:00:00,1008.74,63.5,63.5,100,0,0,,,,,,
2018-03-04 12:00:00,1005.39,66.2,66.2,100,0,0,,,,,,
2018-03-04 15:00:00,1004.16,68.0,66.4,94,0,0,,,,,,
2018-03-07 06:00:00,1009.30,68.0,64.0,87,0,0,,,,,,
2018-03-07 09:00:00,1009.08,77.0,64.9,66,3,160,,,,,,
2018-03-07 12:00:00,1006.06,80.6,64.9,59,2,180,,,,,,
2018-03-07 15:00:00,1004.38,79.7,65.5,61,6,250,,,,,,
2018-03-08 06:00:00,1008.85,70.7,66.7,87,2,110,,,,,,
2018-03-09 09:00:00,,80.6,67.6,64,4,90,,,,,,
2018-03-09 12:00:00,1003.27,78.8,68.0,69,6,160,,,,,,
2018-03-09 15:00:00,1002.04,79.7,66.0,63,2,160,,,,,,
2018-03-10 12:00:00,1004.27,77.0,63.5,63,4,160,,,,,,
2018-03-10 15:00:00,1002.71,74.7,62.1,64,5,160,,,,,,
2018-03-11 06:00:00,1008.41,65.8,63.7,92,0,0,,,,,,
2018-03-11 09:00:00,1008.30,73.4,63.1,70,2,270,,,,,,
2018-03-11 15:00:00,1003.49,80.6,63.9,56,2,270,,,,,,
2018-03-12 15:00:00,1005.17,77.7,64.2,63,0,0,,,,,,
2018-03-13 06:00:00,1008.85,68.9,67.6,95,0,0,,,,,,
2018-03-13 09:00:00,1008.97,73.4,66.9,80,3,320,,,,,,
2018-03-13 12:00:00,1006.40,76.6,66.4,70,8,180,,,,,,
2018-03-13 15:00:00,1005.50,73.4,65.3,75,2,180,,,,,,
2018-03-14 06:00:00,1007.63,70.7,69.4,95,0,0,,,,,,
2018-03-14 09:00:00,1007.07,79.2,65.7,63,3,160,,,,,,
2018-03-14 15:00:00,1002.37,74.1,67.1,78,2,180,,,,,,
2018-03-15 09:00:00,1008.97,66.2,66.2,100,4,70,,,,,,
2018-03-15 15:00:00,1005.05,67.6,66.0,94,0,0,,,,,,
2018-03-16 06:00:00,,68.9,64.9,87,0,0,,,,,,
2018-03-16 12:00:00,1005.17,77.0,67.6,72,3,160,,,,,,
2018-03-16 15:00:00,1003.49,75.6,65.7,71,2,180,,,,,,
2018-03-17 09:00:00,1006.51,77.9,65.8,66,3,160,,,,,,
2018-03-18 15:00:00,1002.04,68.4,67.3,96,0,0,,,,,,
2018-03-19 09:00:00,1008.74,69.8,65.8,87,0,0,,,,,,
2018-03-19 15:00:00,1003.49,73.4,65.3,75,4,270,,,,,,
2018-03-20 12:00:00,1004.50,79.7,66.2,63,3,140,,,,,,
2018-03-21 06:00:00,1009.41,66.2,66.2,100,0,0,,,,,,
2018-03-22 09:00:00,1008.97,79.5,65.5,62,2,180,,,,,,
2018-03-22 12:00:00,1006.51,79.7,64.9,60,2,140,,,,,,
2018-03-22 15:00:00,1004.38,77.0,65.8,68,0,0,,,,,,
2018-03-23 12:00:00,1003.83,82.4,66.2,58,5,180,,,,,,
2018-03-24 15:00:00,1002.60,79.5,66.6,64,0,0,,,,,,
2018-03-25 06:00:00,1008.07,66.9,64.6,92,0,0,,,,,,
2018-03-25 09:00:00,1007.51,78.4,64.4,62,3,270,,,,,,
2018-03-25 15:00:00,1004.61,77.7,63.7,62,0,0,,,,,,
2018-03-26 06:00:00,1008.74,68.9,67.6,95,2,110,,,,,,
2018-03-26 12:00:00,1004.94,79.7,63.5,57,5,160,,,,,,
2018-03-26 15:00:00,1004.61,78.8,62.1,56,3,160,,,,,,
2018-03-28 06:00:00,1006.28,66.2,66.2,100,4,230,,,,,,
2018-03-28 09:00:00,1006.40,76.3,64.9,68,0,0,,,,,,
2018-03-28 12:00:00,1003.94,79.5,63.7,58,0,0,,,,,,
2018-03-28 15:00:00,1002.82,77.9,64.4,63,2,180,,,,,,
2018-03-29 15:00:00,1004.72,68.7,63.3,82,0,0,,,,,,
2018-03-30 06:00:00,1008.97,70.2,66.9,89,0,0,,,,,,
2018-03-30 09:00:00,1008.74,78.8,68.5,70,2,90,,,,,,
2018-03-30 12:00:00,1006.73,73.4,68.0,83,0,0,,,,,,
2018-03-31 09:00:00,1006.73,80.6,63.1,55,2,180,,,,,,
2018-03-31 12:00:00,1003.94,73.8,67.8,81,2,180,,,,,,
2018-03-31 15:00:00,1002.48,79.5,66.4,64,2,230,,,,,,
2018-04-01 06:00:00,1005.28,72.0,68.2,87,0,0,,,,,,
2018-04-02 12:00:00,1001.81,73.8,69.3,85,0,0,,,,,,
2018-04-02 15:00:00,1000.70,75.2,69.3,81,4,180,,,,,,
2018-04-03 15:00:00,1001.93,66.2,66.2,100,0,0,,,,,,
2018-04-04 06:00:00,1008.30,65.5,,,0,0,,,,,,
2018-04-04 09:00:00,1007.74,67.1,65.8,95,3,270,,,,,,
2018-04-04 12:00:00,1004.94,73.4,66.7,79,0,0,,,,,,
2018-04-04 15:00:00,1002.37,75.2,67.1,75,2,180,,,,,,
2018-04-05 06:00:00,1006.51,67.1,64.8,92,0,0,,,,,,
2018-04-05 09:00:00,1006.28,75.6,64.8,69,4,180,,,,,,
2018-04-05 12:00:00,1003.38,74.8,66.2,74,3,160,,,,,,
2018-04-05 15:00:00,1002.04,73.8,66.6,78,0,0,,,,,,
2018-04-08 15:00:00,1003.94,75.2,63.9,67,0,0,,,,,,
2018-04-09 15:00:00,1003.83,76.1,66.7,72,0,0,,,,,,
2018-04-10 09:00:00,1006.62,78.4,66.9,67,4,290,,,,,,
2018-04-11 15:00:00,1002.71,71.6,68.4,89,0,0,,,,,,
2018-04-12 15:00:00,1003.60,77.0,63.5,63,0,0,,,,,,
2018-04-13 06:00:00,1008.18,69.8,68.2,94,2,270,,,,,,
2018-04-13 09:00:00,1008.30,74.1,67.6,80,4,160,,,,,,
2018-04-13 12:00:00,1004.50,77.9,65.8,66,2,180,,,,,,
2018-04-13 15:00:00,1004.05,76.1,65.3,69,4,160,,,,,,
2018-04-14 06:00:00,1010.20,62.6,,,0,0,,,,,,
2018-04-14 09:00:00,1011.09,68.0,64.2,87,2,290,,,,,,
2018-04-14 12:00:00,1008.85,69.8,64.9,84,3,270,,,,,,
2018-04-14 15:00:00,1007.96,65.5,65.5,100,0,0,,,,,,
2018-04-17 12:00:00,1008.97,73.4,66.7,79,2,180,,,,,,
2018-04-17 15:00:00,1007.51,73.4,65.8,77,3,180,,,,,,
2018-04-18 06:00:00,1010.64,69.8,67.6,92,0,0,,,,,,
2018-04-18 09:00:00,1010.75,76.1,68.0,76,0,0,,,,,,
2018-04-19 06:00:00,1009.52,72.5,68.5,87,0,0,,,,,,
2018-04-19 09:00:00,1009.30,79.5,66.4,64,2,270,,,,,,
2018-04-19 12:00:00,1006.06,73.4,68.0,83,4,140,,,,,,
2018-04-20 15:00:00,1004.16,72.5,68.5,87,0,0,,,,,,
2018-04-21 12:00:00,1005.05,78.1,67.1,69,2,180,,,,,,
2018-04-21 15:00:00,1004.38,75.9,67.3,74,3,140,,,,,,
2018-04-22 15:00:00,1005.84,69.8,69.8,100,0,0,,,,,,
2018-04-23 06:00:00,1008.63,68.9,67.6,95,2,270,,,,,,
2018-04-23 09:00:00,1008.63,77.4,68.7,74,3,270,,,,,,
2018-04-23 12:00:00,1004.94,75.2,69.3,81,3,160,,,,,,
2018-04-24 06:00:00,1008.41,70.7,70.2,98,0,0,,,,,,
2018-04-25 06:00:00,1009.97,66.2,66.2,100,0,0,,,,,,
2018-04-25 09:00:00,1008.41,75.2,65.8,72,2,160,,,,,,
2018-04-25 12:00:00,1005.17,79.2,64.6,61,4,180,,,,,,
2018-04-25 15:00:00,1004.61,77.0,66.2,69,4,160,,,,,,
2018-04-26 15:00:00,1003.83,75.2,67.1,75,2,180,,,,,,
2018-04-27 06:00:00,1009.08,68.0,67.5,98,0,0,,,,,,
2018-04-27 09:00:00,1009.41,73.4,68.0,83,4,180,,,,,,
2018-04-27 12:00:00,1005.73,77.4,67.5,71,5,160,,,,,,
2018-04-27 15:00:00,1005.50,75.2,65.8,72,4,160,,,,,,
2018-04-28 15:00:00,1005.39,75.2,67.1,75,2,200,,,,,,
2018-04-29 06:00:00,1009.30,66.2,66.2,100,2,160,,,,,,
2018-04-29 09:00:00,1009.86,72.7,66.7,81,0,0,,,,,,
2018-04-29 15:00:00,1005.84,76.1,65.3,69,0,0,,,,,,
2018-04-30 15:00:00,1004.38,77.0,64.9,66,0,0,,,,,,
2018-05-01 06:00:00,1010.42,65.3,65.3,100,0,0,,,,,,
2018-05-01 09:00:00,1010.64,69.8,66.0,87,4,250,,,,,,
2018-05-01 12:00:00,1007.74,74.3,68.9,83,5,270,,,,,,
2018-05-02 15:00:00,1005.84,75.2,67.1,75,3,250,,,,,,
2018-05-03 06:00:00,1007.40,72.5,65.8,79,0,0,,,,,,
2018-05-05 06:00:00,1007.63,73.0,68.2,84,0,0,,,,,,
2018-05-05 09:00:00,1007.96,68.0,68.0,100,4,180,,,,,,
2018-05-05 12:00:00,1005.50,74.1,68.7,83,4,180,,,,,,
2018-05-05 15:00:00,1004.94,72.5,68.5,87,3,160,,,,,,
2018-05-07 15:00:00,1005.61,77.4,67.5,71,2,180,,,,,,
2018-05-08 06:00:00,1008.52,70.2,68.5,94,4,160,,,,,,
2018-05-08 12:00:00,1005.50,73.4,68.0,83,0,0,,,,,,
2018-05-09 15:00:00,1003.83,77.0,67.3,72,4,230,,,,,,
2018-05-10 06:00:00,1007.96,70.7,67.3,88,0,0,,,,,,
2018-05-10 09:00:00,1008.30,77.7,68.0,72,7,250,,,,,,
2018-05-10 15:00:00,1005.28,77.0,68.4,74,0,0,,,,,,
2018-05-11 12:00:00,1006.62,65.8,65.8,100,0,0,,,,,,
2018-05-11 15:00:00,1004.83,68.0,66.7,95,0,0,,,,,,
2018-05-12 15:00:00,1004.27,77.7,67.3,70,0,0,,,,,,
2018-05-13 15:00:00,1004.16,75.9,69.4,80,0,0,,,,,,
2018-05-14 09:00:00,1007.29,78.8,68.0,69,5,160,,,,,,
2018-05-14 15:00:00,1002.37,80.2,64.6,58,0,0,,,,,,
2018-05-15 12:00:00,1005.39,76.1,66.7,72,4,270,,,,,,
2018-05-15 15:00:00,1004.83,76.1,65.3,69,0,0,,,,,,
2018-05-16 06:00:00,1009.86,67.1,64.8,92,0,0,,,,,,
2018-05-16 09:00:00,1009.52,72.5,63.1,72,7,140,,,,,,
2018-05-19 09:00:00,1008.52,66.2,65.7,98,0,0,,,,,,
2018-05-20 09:00:00,1007.51,72.3,66.9,83,4,270,,,,,,
2018-05-21 15:00:00,1005.17,73.4,66.7,79,4,180,,,,,,
2018-05-22 09:00:00,1010.42,69.8,65.8,87,3,180,,,,,,
2018-05-22 15:00:00,1007.07,71.6,63.5,75,0,0,,,,,,
2018-05-23 06:00:00,1009.97,67.1,67.1,100,0,0,,,,,,
2018-05-23 15:00:00,1006.73,71.6,66.2,83,2,180,,,,,,
2018-05-24 15:00:00,1005.50,76.1,64.0,66,2,110,,,,,,
2018-05-25 15:00:00,1004.72,76.1,67.3,74,0,0,,,,,,
2018-05-26 06:00:00,1008.63,69.8,67.6,92,0,0,,,,,,
2018-05-26 09:00:00,1008.07,74.3,66.7,77,0,0,,,,,,
2018-05-26 12:00:00,1005.95,72.0,68.7,89,0,0,,,,,,
2018-05-26 15:00:00,1005.28,75.2,67.1,75,2,160,,,,,,
2018-05-27 06:00:00,1009.19,69.8,67.1,91,2,180,,,,,,
2018-05-27 09:00:00,1009.41,75.2,67.1,75,4,90,,,,,,
2018-05-27 12:00:00,1006.51,77.0,66.2,69,0,0,,,,,,
2018-05-27 15:00:00,1006.28,73.8,66.6,78,2,180,,,,,,
2018-05-28 06:00:00,1010.53,68.0,66.7,95,0,0,,,,,,
2018-05-28 09:00:00,1009.75,76.1,66.7,72,3,160,,,,,,
2018-05-28 12:00:00,,78.8,63.7,59,2,160,,,,,,
2018-05-28 15:00:00,1006.40,76.1,62.6,63,0,0,,,,,,
2018-05-29 15:00:00,1006.06,77.0,63.5,63,4,160,,,,,,
2018-05-30 12:00:00,1007.29,79.2,63.9,59,4,270,,,,,,
2018-05-31 06:00:00,1009.19,73.0,67.6,83,0,0,,,,,,
2018-05-31 09:00:00,1009.30,77.0,67.6,72,0,0,,,,,,
2018-05-31 15:00:00,1006.73,77.0,66.2,69,3,160,,,,,,
2018-06-01 15:00:00,1006.17,77.9,65.8,66,2,160,,,,,,
2018-06-02 06:00:00,1009.64,69.8,67.1,91,2,90,,,,,,
2018-06-02 09:00:00,1009.97,77.0,66.2,69,3,180,,,,,,
2018-06-02 12:00:00,1007.63,76.1,69.4,79,5,230,,,,,,
2018-06-03 06:00:00,1009.41,68.4,68.4,100,0,0,,,,,,
2018-06-03 09:00:00,1008.63,77.0,67.3,72,0,0,,,,,,
2018-06-03 12:00:00,1006.73,77.0,66.2,69,2,230,,,,,,
2018-06-03 15:00:00,1005.84,77.0,66.7,70,4,180,,,,,,
2018-06-05 06:00:00,1009.41,66.9,65.8,96,0,0,,,,,,
2018-06-05 09:00:00,1009.41,70.7,66.2,85,0,0,,,,,,
2018-06-06 15:00:00,1007.74,72.7,65.7,78,0,0,,,,,,
2018-06-07 06:00:00,1010.42,67.6,66.9,97,0,0,,,,,,
2018-06-07 09:00:00,1010.20,75.2,66.6,74,0,0,,,,,,
2018-06-08 15:00:00,1008.18,74.3,64.9,72,2,180,,,,,,
2018-06-09 15:00:00,1007.74,77.4,62.1,59,3,160,,,,,,
2018-06-10 15:00:00,1007.63,77.0,64.9,66,2,180,,,,,,
2018-06-11 06:00:00,1010.64,73.8,67.8,81,3,50,,,,,,
2018-06-11 09:00:00,1010.75,78.8,65.8,64,2,160,,,,,,
2018-06-11 12:00:00,1008.63,81.5,64.0,55,4,160,,,,,,
2018-06-11 15:00:00,1008.41,77.9,66.4,67,2,180,,,,,,
2018-06-12 15:00:00,1008.41,76.3,63.9,65,0,0,,,,,,
2018-06-13 12:00:00,1008.97,77.9,63.7,61,2,250,,,,,,
2018-06-13 15:00:00,1008.52,75.9,64.0,66,0,0,,,,,,
2018-06-14 06:00:00,1011.42,66.2,66.2,100,0,0,,,,,,
2018-06-14 09:00:00,1010.87,74.5,67.5,78,2,240,,,,,,
2018-06-14 12:00:00,1008.41,77.0,66.2,69,7,180,,,,,,
2018-06-15 15:00:00,1006.95,75.2,64.4,69,2,180,,,,,,
2018-06-16 12:00:00,1007.63,80.6,67.1,63,4,270,,,,,,
2018-06-16 15:00:00,1007.29,77.0,66.2,69,4,160,,,,,,
2018-06-17 15:00:00,1006.06,77.0,68.0,73,3,110,,,,,,
2018-06-18 15:00:00,1005.17,75.2,65.5,71,4,180,,,,,,
2018-06-19 06:00:00,1010.20,66.2,66.2,100,0,0,,,,,,
2018-06-19 09:00:00,1009.64,73.8,65.1,74,0,0,,,,,,
2018-06-19 12:00:00,1007.40,76.1,64.6,67,3,180,,,,,,
2018-06-19 15:00:00,1007.07,73.4,66.4,78,0,0,,,,,,
2018-06-20 12:00:00,1009.19,73.0,65.5,77,2,230,,,,,,
2018-06-20 15:00:00,1008.41,71.6,66.2,83,0,0,,,,,,
2018-06-21 06:00:00,1011.42,68.7,66.0,91,0,0,,,,,,
2018-06-21 09:00:00,1011.09,75.2,66.0,73,0,0,,,,,,
2018-06-22 06:00:00,1011.42,66.2,64.9,95,0,0,,,,,,
2018-06-22 09:00:00,,69.8,65.8,87,2,180,,,,,,
2018-06-22 12:00:00,1008.85,73.4,66.9,80,5,180,,,,,,
2018-06-25 06:00:00,1008.97,66.2,64.9,95,0,0,,,,,,
2018-06-25 09:00:00,1008.41,77.9,62.1,58,2,180,,,,,,
2018-06-25 12:00:00,1005.84,77.9,65.3,65,4,180,,,,,,
2018-06-25 15:00:00,1005.61,74.3,64.9,72,0,0,,,,,,
2018-06-26 12:00:00,1007.74,66.9,66.9,100,4,160,,,,,,
2018-06-26 15:00:00,1006.17,68.7,66.4,92,2,180,,,,,,
2018-06-27 09:00:00,1009.52,71.6,66.2,83,4,270,,,,,,
2018-06-28 15:00:00,1005.84,75.9,65.5,70,4,160,,,,,,
2018-06-29 06:00:00,1007.63,67.6,66.0,94,0,0,,,,,,
2018-06-29 09:00:00,1006.95,77.0,64.6,65,2,90,,,,,,
2018-07-01 15:00:00,1005.39,73.4,65.3,75,4,180,,,,,,
2018-07-02 15:00:00,1005.61,69.8,67.1,91,0,0,,,,,,
2018-07-03 09:00:00,1008.18,77.2,64.0,64,3,140,,,,,,
2018-07-04 15:00:00,1006.62,75.2,65.8,72,4,180,,,,,,
2018-07-05 06:00:00,1010.75,69.4,67.3,92,0,0,,,,,,
2018-07-05 09:00:00,1010.87,72.5,63.1,72,7,160,,,,,,
2018-07-05 12:00:00,1009.19,76.6,63.7,64,2,90,,,,,,
2018-07-05 15:00:00,1008.74,73.4,62.6,69,6,140,,,,,,
2018-07-06 09:00:00,1011.42,76.6,62.4,61,5,160,,,,,,
2018-07-06 15:00:00,1009.64,74.3,63.5,69,4,180,,,,,,
2018-07-07 06:00:00,1010.53,70.7,64.0,79,2,20,,,,,,
2018-07-07 12:00:00,1009.41,77.4,59.5,54,6,160,,,,,,
2018-07-07 15:00:00,1008.85,74.3,62.2,66,0,0,,,,,,
2018-07-08 15:00:00,1008.41,73.8,64.0,71,4,140,,,,,,
2018-07-09 06:00:00,1011.31,66.0,63.7,92,0,0,,,,,,
2018-07-09 09:00:00,1010.75,74.3,64.4,71,2,70,,,,,,
2018-07-09 12:00:00,1008.97,76.1,58.6,54,4,180,,,,,,
2018-07-09 15:00:00,1008.18,75.2,59.0,57,4,180,,,,,,
2018-07-10 06:00:00,1010.75,68.4,64.6,87,0,0,,,,,,
2018-07-10 15:00:00,1008.18,75.2,64.4,69,4,180,,,,,,
2018-07-11 09:00:00,1011.65,68.0,66.7,95,0,0,,,,,,
2018-07-11 12:00:00,1009.30,73.4,66.7,79,8,90,,,,,,
2018-07-11 15:00:00,1008.63,72.5,64.4,75,0,0,,,,,,
2018-07-12 15:00:00,1008.30,75.2,65.8,72,4,180,,,,,,
2018-07-13 06:00:00,1010.08,69.3,63.9,82,0,0,,,,,,
2018-07-13 09:00:00,1010.53,77.0,63.5,63,3,120,,,,,,
2018-07-13 12:00:00,1008.41,76.6,64.2,65,6,180,,,,,,
2018-07-13 15:00:00,1007.18,75.2,63.9,67,2,160,,,,,,
2018-07-14 12:00:00,1008.18,75.2,64.9,70,2,180,,,,,,
2018-07-14 15:00:00,1007.40,72.3,65.8,80,3,110,,,,,,
2018-07-15 15:00:00,1006.73,68.9,66.2,91,3,180,,,,,,
2018-07-16 06:00:00,1010.98,70.2,65.3,84,0,0,,,,,,
2018-07-16 09:00:00,1011.09,73.0,64.9,75,4,160,,,,,,
2018-07-16 12:00:00,1009.52,76.1,62.6,63,8,160,,,,,,
2018-07-17 09:00:00,1011.09,77.7,57.7,50,6,90,,,,,,
2018-07-17 12:00:00,1009.64,78.4,59.0,51,7,110,,,,,,
2018-07-17 15:00:00,1008.74,76.3,57.9,53,4,180,,,,,,
2018-07-18 06:00:00,1009.75,71.4,63.3,75,0,0,,,,,,
2018-07-19 12:00:00,1007.85,78.1,58.1,50,4,160,,,,,,
2018-07-20 12:00:00,1008.07,72.7,59.9,64,2,160,,,,,,
2018-07-20 15:00:00,1007.18,76.1,61.3,60,3,160,,,,,,
2018-07-21 15:00:00,1007.40,76.6,65.1,67,6,180,,,,,,
2018-07-22 09:00:00,1010.53,77.0,66.2,69,3,110,,,,,,
2018-07-22 12:00:00,1008.41,79.2,64.6,61,3,110,,,,,,
2018-07-23 06:00:00,1009.86,72.7,63.0,71,6,180,,,,,,
2018-07-25 06:00:00,1009.64,71.6,64.6,78,0,0,,,,,,
2018-07-25 09:00:00,1009.30,77.7,64.2,63,7,160,,,,,,
2018-07-25 12:00:00,1007.85,77.0,60.8,57,2,160,,,,,,
2018-07-25 15:00:00,1007.07,75.9,59.7,57,2,270,,,,,,
2018-07-26 15:00:00,1007.07,76.1,62.6,63,2,180,,,,,,
2018-07-27 15:00:00,1007.85,76.6,62.4,61,4,180,,,,,,
2018-07-28 06:00:00,1010.98,73.4,64.0,72,2,160,,,,,,
2018-07-28 09:00:00,1011.20,78.8,62.6,57,4,180,,,,,,
2018-07-28 12:00:00,1008.63,80.2,63.3,56,4,160,,,,,,
2018-07-28 15:00:00,1007.63,74.3,64.9,72,4,140,,,,,,
2018-07-29 15:00:00,1006.17,75.9,64.6,67,4,160,,,,,,
2018-07-30 15:00:00,1006.95,66.9,65.8,96,0,0,,,,,,
2018-07-31 15:00:00,1004.27,77.7,68.0,72,6,180,,,,,,
2018-08-01 15:00:00,1006.51,72.7,65.7,78,0,0,,,,,,
2018-08-02 12:00:00,,80.6,64.4,57,4,140,,,,,,
2018-08-02 15:00:00,1005.95,78.8,65.3,63,4,160,,,,,,
2018-08-03 06:00:00,1010.98,65.1,65.1,100,0,0,,,,,,
2018-08-03 09:00:00,1010.53,75.2,63.1,66,2,270,,,,,,
2018-08-06 12:00:00,1008.74,73.4,65.3,75,0,0,,,,,,
2018-08-06 15:00:00,1007.96,74.3,64.9,72,3,270,,,,,,
2018-08-07 06:00:00,1010.87,68.4,63.9,85,0,0,,,,,,
2018-08-07 15:00:00,1006.62,77.0,63.0,61,2,180,,,,,,
2018-08-08 12:00:00,1007.85,78.8,62.2,56,2,270,,,,,,
2018-08-08 15:00:00,1007.07,79.5,64.9,61,3,160,,,,,,
2018-08-09 12:00:00,1008.52,77.0,67.6,72,4,180,,,,,,
2018-08-09 15:00:00,1007.18,77.7,64.6,64,2,160,,,,,,
2018-08-10 15:00:00,,76.6,65.8,69,0,0,,,,,,
2018-08-11 06:00:00,,71.6,66.7,84,0,0,,,,,,
2018-08-11 09:00:00,,78.1,64.6,63,4,160,,,,,,
2018-08-11 12:00:00,,79.9,63.1,56,4,160,,,,,,
2018-08-11 15:00:00,,77.4,63.3,62,3,160,,,,,,
2018-08-12 15:00:00,,74.3,64.9,72,3,180,,,,,,
2018-08-13 15:00:00,,72.5,65.8,79,0,0,,,,,,
2018-08-14 06:00:00,,72.9,66.4,80,2,180,,,,,,
2018-08-14 09:00:00,,76.6,63.7,64,5,180,,,,,,
2018-08-14 12:00:00,,77.0,63.5,63,3,160,,,,,,
2018-08-15 06:00:00,,70.9,64.9,81,0,0,,,,,,
2018-08-16 15:00:00,,74.8,67.3,77,3,180,,,,,,
2018-08-17 15:00:00,,77.0,58.1,52,2,250,,,,,,
2018-08-18 15:00:00,,75.9,65.1,69,0,0,,,,,,
2018-08-19 06:00:00,,68.7,65.5,89,0,0,,,,,,
2018-08-19 09:00:00,,75.2,64.4,69,4,90,,,,,,
2018-08-19 12:00:00,,74.8,64.6,70,6,160,,,,,,
2018-08-19 15:00:00,,75.9,64.6,67,4,180,,,,,,
2018-08-20 06:00:00,,70.2,65.3,84,0,0,,,,,,
2018-08-20 09:00:00,,77.9,63.1,60,4,90,,,,,,
2018-08-20 12:00:00,,76.3,64.9,68,8,160,,,,,,
2018-08-20 15:00:00,,75.2,64.4,69,5,120,,,,,,
2018-08-21 06:00:00,,67.3,66.2,96,0,0,,,,,,
2018-08-21 09:00:00,,68.7,66.0,91,4,70,,,,,,
2018-08-21 12:00:00,,72.5,66.4,81,0,0,,,,,,
2018-08-21 15:00:00,,75.2,63.1,66,2,180,,,,,,
2018-08-22 15:00:00,,78.8,64.2,61,4,50,,,,,,
2018-08-23 12:00:00,,71.6,66.2,83,3,180,,,,,,
2018-08-23 15:00:00,,69.8,65.8,87,4,290,,,,,,
2018-08-24 06:00:00,,68.0,66.7,95,4,290,,,,,,
2018-08-24 09:00:00,,77.0,64.0,64,2,320,,,,,,
2018-08-27 15:00:00,,72.3,65.8,80,2,180,,,,,,
2018-08-28 06:00:00,,66.2,63.5,91,0,0,,,,,,
2018-08-28 09:00:00,,78.8,65.3,63,0,0,,,,,,
2018-08-28 12:00:00,,77.9,65.8,66,0,0,,,,,,
2018-08-29 09:00:00,,75.6,65.8,71,2,70,,,,,,
2018-08-29 12:00:00,,76.1,66.7,72,2,90,,,,,,
2018-08-29 15:00:00,,76.1,66.7,72,2,90,,,,,,
2018-08-30 06:00:00,,65.1,64.0,96,0,0,,,,,,
2018-09-01 06:00:00,,67.1,66.4,97,0,0,,,,,,
2018-09-01 09:00:00,,75.9,66.7,73,2,160,,,,,,
2018-09-01 12:00:00,,78.8,65.3,63,7,180,,,,,,
2018-09-01 15:00:00,,77.0,65.7,68,0,0,,,,,,
2018-09-02 09:00:00,,80.2,61.3,52,3,90,,,,,,
2018-09-03 12:00:00,,76.6,63.7,64,0,0,,,,,,
2018-09-03 15:00:00,,72.3,67.3,84,4,180,,,,,,
2018-09-04 06:00:00,,67.6,65.5,92,0,0,,,,,,
2018-09-04 09:00:00,,74.8,65.1,71,2,360,,,,,,
2018-09-04 15:00:00,,68.0,65.3,91,0,0,,,,,,
2018-09-05 09:00:00,,78.8,65.3,63,2,50,,,,,,
2018-09-05 12:00:00,,69.8,68.5,95,0,0,,,,,,
2018-09-05 15:00:00,,71.6,66.2,83,0,0,,,,,,
2018-09-06 15:00:00,,76.1,66.7,72,4,160,,,,,,
2018-09-07 15:00:00,,75.2,65.8,72,2,180,,,,,,
2018-09-08 06:00:00,,71.2,66.4,84,2,360,,,,,,
2018-09-08 09:00:00,,80.6,63.9,56,2,160,,,,,,
2018-09-08 12:00:00,,77.0,63.5,63,2,270,,,,,,
2018-09-08 15:00:00,,68.0,65.3,91,0,0,,,,,,
2018-09-09 06:00:00,,66.2,65.1,96,0,0,,,,,,
2018-09-09 09:00:00,,72.5,66.4,81,2,270,,,,,,
2018-09-09 12:00:00,,80.6,64.4,57,3,160,,,,,,
2018-09-09 15:00:00,,79.5,64.9,61,3,140,,,,,,
2018-09-18 15:00:00,,81.0,65.3,59,2,160,,,,,,
2018-09-19 06:00:00,,68.9,65.5,88,4,340,,,,,,
2018-09-19 09:00:00,,80.6,65.8,60,4,70,,,,,,
2018-09-19 12:00:00,,68.9,66.2,91,4,270,,,,,,
2018-09-19 15:00:00,,71.6,64.6,78,6,270,,,,,,
2018-09-20 06:00:00,,71.2,65.1,81,2,90,,,,,,
2018-09-20 09:00:00,,79.9,66.2,63,4,160,,,,,,
2018-09-20 12:00:00,,80.2,66.7,63,8,160,,,,,,
2018-09-20 15:00:00,,77.9,64.4,63,4,180,,,,,,
2018-09-21 06:00:00,,69.8,64.9,84,3,270,,,,,,
2018-09-21 09:00:00,,76.6,66.4,70,4,270,,,,,,
2018-09-21 12:00:00,,80.6,64.4,57,4,180,,,,,,
2018-09-21 15:00:00,,79.5,64.9,61,4,160,,,,,,
2018-09-22 15:00:00,,79.9,66.2,63,3,90,,,,,,
2018-09-23 09:00:00,,71.6,64.9,79,0,0,,,,,,
2018-09-23 12:00:00,,77.0,65.7,68,2,270,,,,,,
2018-09-23 15:00:00,,77.0,66.2,69,2,250,,,,,,
2018-09-24 06:00:00,,72.7,66.0,79,0,0,,,,,,
2018-09-24 15:00:00,,75.2,67.1,75,4,180,,,,,,
2018-09-25 15:00:00,,81.5,64.0,55,0,0,,,,,,
2018-09-26 15:00:00,,80.6,62.8,54,2,180,,,,,,
2018-09-27 15:00:00,,79.5,65.5,62,0,0,,,,,,
2018-09-28 09:00:00,,80.6,65.8,60,4,180,,,,,,
2018-09-28 12:00:00,,77.0,67.6,72,4,250,,,,,,
2018-09-28 15:00:00,,77.4,66.6,69,2,200,,,,,,
2018-09-29 15:00:00,,77.0,62.4,60,2,160,,,,,,
2018-09-30 15:00:00,,62.2,,,50,20,,,,,,
2018-10-01 06:00:00,,69.1,65.8,89,0,0,,,,,,
2018-10-01 09:00:00,,77.9,65.8,66,2,160,,,,,,
2018-10-01 12:00:00,,81.5,62.6,52,3,160,,,,,,
2018-10-01 15:00:00,,78.8,61.3,55,0,0,,,,,,
2018-10-02 15:00:00,,78.8,57.2,47,3,140,,,,,,
2018-10-03 15:00:00,,77.7,65.8,66,0,0,,,,,,
2018-10-04 06:00:00,,71.2,66.4,84,0,0,,,,,,
2018-10-04 09:00:00,,80.2,64.0,57,6,340,,,,,,
2018-10-04 12:00:00,,76.1,65.3,69,0,0,,,,,,
2018-10-05 15:00:00,,78.8,67.5,68,0,0,,,,,,
2018-10-06 15:00:00,,80.6,65.8,60,2,270,,,,,,
2018-10-07 15:00:00,,75.2,61.7,62,2,180,,,,,,
2018-10-08 12:00:00,,72.5,65.8,79,4,180,,,,,,
2018-10-08 15:00:00,,72.7,65.7,78,0,0,,,,,,
2018-10-09 06:00:00,,68.7,67.6,96,4,290,,,,,,
2018-10-10 15:00:00,,68.7,66.6,92,0,0,,,,,,
2018-10-11 06:00:00,,67.3,63.0,86,0,0,,,,,,
2018-10-11 09:00:00,,77.7,65.8,66,3,110,,,,,,
2018-10-11 12:00:00,,78.8,65.3,63,3,270,,,,,,
2018-10-12 15:00:00,,72.7,65.7,78,0,0,,,,,,
2018-10-13 06:00:00,,67.6,65.5,92,2,290,,,,,,
2018-10-13 12:00:00,,82.4,65.7,57,2,200,,,,,,
2018-10-13 15:00:00,,77.0,66.2,69,0,0,,,,,,
2018-10-14 09:00:00,,68.9,64.9,87,2,360,,,,,,
2018-10-15 15:00:00,,70.5,65.7,84,2,160,,,,,,
2018-10-16 06:00:00,,67.6,65.5,92,0,0,,,,,,
2018-10-16 15:00:00,,80.2,67.3,64,2,270,,,,,,
2018-10-17 09:00:00,,81.0,66.4,61,4,360,,,,,,
2018-10-18 12:00:00,,77.0,64.9,66,4,180,,,,,,
2018-10-18 15:00:00,,75.9,65.5,70,0,0,,,,,,
2018-10-19 06:00:00,,67.1,65.8,95,5,330,,,,,,
2018-10-19 09:00:00,,71.6,68.9,91,5,270,,,,,,
2018-10-19 12:00:00,,72.7,67.3,83,0,0,,,,,,
2018-10-19 15:00:00,,70.5,65.7,84,0,0,,,,,,
2018-10-20 15:00:00,,77.0,66.2,69,2,180,,,,,,
2018-10-21 06:00:00,,69.8,65.8,87,0,0,,,,,,
2018-10-21 09:00:00,,78.8,66.7,66,3,180,,,,,,
2018-10-21 12:00:00,,80.6,65.8,60,3,160,,,,,,
2018-10-22 06:00:00,,76.1,66.7,72,6,180,,,,,,
2018-10-22 12:00:00,,80.6,63.9,56,5,180,,,,,,
2018-10-22 15:00:00,,77.7,63.1,60,4,180,,,,,,
2018-10-23 09:00:00,,79.7,62.2,55,2,90,,,,,,
2018-10-23 15:00:00,,77.0,63.0,61,6,160,,,,,,
2018-10-24 15:00:00,,77.0,64.0,64,2,180,,,,,,
2018-10-25 06:00:00,,69.8,66.6,89,0,0,,,,,,
2018-10-26 12:00:00,,77.9,65.8,66,3,160,,,,,,
2018-10-26 15:00:00,,72.3,66.9,83,2,160,,,,,,
2018-10-27 06:00:00,,68.0,67.5,98,0,0,,,,,,
2018-10-27 09:00:00,,77.0,64.9,66,2,180,,,,,,
2018-10-29 06:00:00,,70.7,66.7,87,2,50,,,,,,
2018-10-29 15:00:00,,77.0,66.2,69,2,180,,,,,,
2018-10-30 15:00:00,,71.6,63.5,75,2,140,,,,,,
2018-10-31 06:00:00,,65.1,65.1,100,3,250,,,,,,
2018-10-31 09:00:00,,69.4,66.7,91,2,230,,,,,,
2018-10-31 12:00:00,,73.8,65.1,74,0,0,,,,,,
2018-11-01 06:00:00,,67.1,65.8,95,4,160,,,,,,
2018-11-01 09:00:00,,68.9,66.6,92,3,160,,,,,,
2018-11-01 12:00:00,,77.0,63.5,63,2,110,,,,,,
2018-11-01 15:00:00,,75.9,64.0,66,2,180,,,,,,
2018-11-02 09:00:00,,79.2,65.1,62,3,160,,,,,,
2018-11-02 12:00:00,,81.5,65.3,58,2,90,,,,,,
2018-11-02 15:00:00,,77.9,65.8,66,3,160,,,,,,
2018-11-03 06:00:00,,68.4,65.1,89,0,0,,,,,,
2018-11-05 06:00:00,,72.0,64.9,78,0,0,,,,,,
2018-11-05 09:00:00,,81.0,64.2,56,4,90,,,,,,
2018-11-05 12:00:00,,78.8,66.7,66,6,180,,,,,,
2018-11-05 15:00:00,,75.2,65.8,72,0,0,,,,,,
2018-11-06 15:00:00,,72.5,64.4,75,4,140,,,,,,
2018-11-07 06:00:00,,70.5,66.7,87,0,0,,,,,,
2018-11-07 09:00:00,,78.8,63.7,59,0,0,,,,,,
2018-11-07 12:00:00,,82.4,63.5,52,3,180,,,,,,
2018-11-08 06:00:00,,64.4,64.4,100,0,0,,,,,,
2018-11-08 09:00:00,,72.5,65.8,79,4,320,,,,,,
2018-11-08 12:00:00,,81.5,64.0,55,2,290,,,,,,
2018-11-08 15:00:00,,80.6,64.9,59,0,0,,,,,,
2018-11-09 15:00:00,,77.7,64.2,63,0,0,,,,,,
2018-11-10 12:00:00,,77.0,66.2,69,6,110,,,,,,
2018-11-11 06:00:00,,67.1,65.8,95,0,0,,,,,,
2018-11-11 09:00:00,,77.0,67.6,72,4,90,,,,,,
2018-11-12 12:00:00,,80.6,64.4,57,6,160,,,,,,
2018-11-12 15:00:00,,77.9,65.8,66,4,180,,,,,,
2018-11-13 06:00:00,,66.9,66.9,100,0,0,,,,,,
2018-11-14 09:00:00,,81.0,65.7,59,2,90,,,,,,
2018-11-14 12:00:00,,82.4,64.6,54,2,160,,,,,,
2018-11-14 15:00:00,,79.5,64.9,61,0,0,,,,,,
2018-11-15 06:00:00,,66.2,66.2,100,0,0,,,,,,
2018-11-15 09:00:00,,70.5,66.7,87,0,0,,,,,,
2018-11-15 12:00:00,,80.6,64.4,57,0,0,,,,,,
2018-11-15 15:00:00,,78.8,64.0,60,4,180,,,,,,
2018-11-16 15:00:00,,77.0,66.2,69,0,0,,,,,,
2018-11-17 06:00:00,,69.8,67.1,91,0,0,,,,,,
2018-11-17 09:00:00,,77.0,66.2,69,2,270,,,,,,
2018-11-18 06:00:00,,65.3,65.3,100,2,270,,,,,,
2018-11-19 09:00:00,,82.4,66.2,58,3,90,,,,,,
2018-11-19 12:00:00,,79.5,67.1,65,5,120,,,,,,
2018-11-19 15:00:00,,75.2,67.1,75,0,0,,,,,,
2018-11-20 06:00:00,,69.4,66.2,89,0,0,,,,,,
2018-11-20 09:00:00,,80.6,66.0,61,2,90,,,,,,
2018-11-20 12:00:00,,80.6,65.8,60,2,160,,,,,,
2018-11-20 15:00:00,,77.7,65.3,65,0,0,,,,,,
2018-11-21 06:00:00,,71.6,64.0,77,0,0,,,,,,
2018-11-21 09:00:00,,79.7,63.9,58,2,160,,,,,,
2018-11-21 12:00:00,,79.5,66.4,64,4,160,,,,,,
2018-11-21 15:00:00,,78.8,64.8,62,4,110,,,,,,
2018-11-22 06:00:00,,71.6,67.6,87,0,0,,,,,,
2018-11-22 09:00:00,,79.7,64.9,60,4,180,,,,,,
2018-11-22 12:00:00,,81.3,64.0,55,4,180,,,,,,
2018-11-22 15:00:00,,76.6,66.4,70,3,180,,,,,,
2018-11-23 06:00:00,,69.8,67.1,91,0,0,,,,,,
2018-11-23 09:00:00,,79.7,67.6,66,4,320,,,,,,
2018-11-23 12:00:00,,75.2,66.0,73,2,200,,,,,,
2018-11-23 15:00:00,,77.9,65.8,66,4,180,,,,,,
2018-11-24 06:00:00,,72.5,68.5,87,0,0,,,,,,
2018-11-24 09:00:00,,80.6,64.4,57,8,160,,,,,,
2018-11-24 12:00:00,,81.3,66.7,61,5,180,,,,,,
2018-11-24 15:00:00,,77.0,66.2,69,4,160,,,,,,
2018-11-26 12:00:00,,79.7,62.8,56,4,90,,,,,,
2018-11-27 06:00:00,,73.4,68.0,83,0,0,,,,,,
2018-11-27 09:00:00,,81.3,65.7,59,5,160,,,,,,
2018-11-28 12:00:00,,83.3,64.4,53,5,140,,,,,,
2018-11-28 15:00:00,,79.9,64.8,60,2,160,,,,,,
2018-11-29 06:00:00,,75.2,65.8,72,4,90,,,,,,
2018-11-29 09:00:00,,84.2,62.6,48,2,70,,,,,,
2018-11-29 12:00:00,,83.3,65.8,55,2,90,,,,,,
2018-11-29 15:00:00,,79.7,63.5,57,0,0,,,,,,
2018-11-30 06:00:00,,75.2,64.4,69,6,160,,,,,,
2018-11-30 09:00:00,,82.4,60.8,48,6,50,,,,,,
2018-11-30 12:00:00,,85.1,59.5,42,0,0,,,,,,
2018-11-30 15:00:00,,79.5,62.2,55,2,160,,,,,,
2018-12-01 15:00:00,,78.8,64.2,61,2,180,,,,,,
2018-12-02 06:00:00,,72.3,64.8,77,0,0,,,,,,
2018-12-02 09:00:00,,83.1,63.1,51,2,270,,,,,,
2018-12-02 12:00:00,,81.7,66.6,60,4,180,,,,,,
2018-12-04 09:00:00,,75.6,69.1,80,0,0,,,,,,
2018-12-04 12:00:00,,71.6,68.9,91,0,0,,,,,,
2018-12-04 15:00:00,,75.2,67.1,75,0,0,,,,,,
2018-12-05 06:00:00,,68.9,67.6,95,2,270,,,,,,
2018-12-05 09:00:00,,75.6,66.9,74,4,270,,,,,,
2018-12-05 12:00:00,,80.6,67.1,63,4,250,,,,,,
2018-12-05 15:00:00,,75.2,65.8,72,0,0,,,,,,
2018-12-06 06:00:00,,73.4,66.7,79,4,90,,,,,,
2018-12-06 09:00:00,,79.5,66.0,63,4,140,,,,,,
2018-12-06 12:00:00,,65.8,64.2,94,0,0,,,,,,
2018-12-06 15:00:00,,75.6,66.9,74,0,0,,,,,,
2018-12-07 15:00:00,,79.7,64.9,60,0,0,,,,,,
2018-12-08 06:00:00,,70.5,65.1,83,2,270,,,,,,
2018-12-08 09:00:00,,77.9,63.7,61,6,320,,,,,,
2018-12-08 12:00:00,,80.6,64.4,57,4,340,,,,,,
2018-12-08 15:00:00,,79.9,64.2,58,0,0,,,,,,
2018-12-09 09:00:00,,68.4,66.7,94,4,250,,,,,,
2018-12-09 12:00:00,,72.5,64.4,75,4,270,,,,,,
2018-12-09 15:00:00,,69.8,64.4,83,2,340,,,,,,
2018-12-10 06:00:00,,67.1,65.8,95,0,0,,,,,,
2018-12-11 09:00:00,,64.4,64.4,100,0,0,,,,,,
2018-12-11 12:00:00,,66.2,66.2,100,0,0,,,,,,
2018-12-11 15:00:00,,66.2,66.2,100,0,0,,,,,,
2018-12-12 06:00:00,,66.6,64.8,93,2,320,,,,,,
2018-12-12 09:00:00,,75.9,66.7,73,3,90,,,,,,
2018-12-12 12:00:00,,79.5,64.9,61,0,0,,,,,,
2018-12-12 15:00:00,,77.4,65.5,66,0,0,,,,,,
2018-12-13 06:00:00,,68.9,67.6,95,0,0,,,,,,
2018-12-13 09:00:00,,71.6,68.9,91,0,0,,,,,,
2018-12-13 12:00:00,,73.4,66.9,80,2,160,,,,,,
2018-12-13 15:00:00,,77.0,66.2,69,0,0,,,,,,
2018-12-14 06:00:00,,68.9,67.6,95,0,0,,,,,,
2018-12-14 09:00:00,,77.0,64.9,66,2,90,,,,,,
2018-12-14 12:00:00,,77.0,66.2,69,2,160,,,,,,
2018-12-14 15:00:00,,77.0,64.9,66,2,110,,,,,,
2018-12-15 06:00:00,,66.9,65.8,96,2,270,,,,,,
2018-12-15 09:00:00,,75.9,66.7,73,3,180,,,,,,
2018-12-15 12:00:00,,79.7,65.5,61,4,270,,,,,,
2018-12-15 15:00:00,,77.0,66.2,69,0,0,,,,,,
2018-12-16 06:00:00,,64.8,64.2,98,4,250,,,,,,
2018-12-16 09:00:00,,73.4,64.8,74,2,320,,,,,,
2018-12-16 12:00:00,,78.8,64.0,60,4,270,,,,,,
2018-12-16 15:00:00,,77.0,66.2,69,2,70,,,,,,
2018-12-17 09:00:00,,80.6,65.8,60,2,360,,,,,,
2018-12-18 06:00:00,,72.5,65.8,79,2,270,,,,,,
2018-12-19 09:00:00,,73.4,68.0,83,2,320,,,,,,
2018-12-19 12:00:00,,78.8,63.1,58,2,300,,,,,,
2018-12-19 15:00:00,,77.0,66.2,69,0,0,,,,,,
2018-12-20 06:00:00,,72.5,70.3,92,3,270,,,,,,
2018-12-20 09:00:00,,75.9,68.4,77,3,290,,,,,,
2018-12-20 12:00:00,,72.5,65.8,79,6,180,,,,,,
2018-12-20 15:00:00,,69.8,67.6,92,0,0,,,,,,
2018-12-21 06:00:00,,68.7,66.0,91,0,0,,,,,,
2018-12-21 09:00:00,,78.4,65.5,64,4,320,,,,,,
2018-12-21 12:00:00,,80.2,66.0,62,2,20,,,,,,
2018-12-21 15:00:00,,75.9,67.3,74,0,0,,,,,,
2018-12-22 09:00:00,,78.4,64.9,63,4,290,,,,,,
2018-12-22 12:00:00,,82.4,63.5,52,4,290,,,,,,
2018-12-22 15:00:00,,78.4,65.5,64,0,0,,,,,,
2018-12-23 06:00:00,,70.7,65.3,83,0,0,,,,,,
2018-12-24 06:00:00,,67.6,66.6,96,2,270,,,,,,
2018-12-24 09:00:00,,76.6,66.9,72,2,180,,,,,,
2018-12-24 15:00:00,,77.7,65.8,66,3,180,,,,,,
2018-12-25 06:00:00,,71.6,68.9,91,0,0,,,,,,
2018-12-25 09:00:00,,78.4,65.5,64,2,160,,,,,,
2018-12-25 12:00:00,,82.4,66.2,58,2,110,,,,,,
2018-12-25 15:00:00,,79.7,64.9,60,0,0,,,,,,
2018-12-26 06:00:00,,71.2,69.1,92,3,290,,,,,,
2018-12-26 09:00:00,,81.3,66.7,61,4,180,,,,,,
2018-12-26 12:00:00,,82.4,66.2,58,5,90,,,,,,
2018-12-26 15:00:00,,81.5,65.3,58,2,270,,,,,,
2018-12-27 06:00:00,,72.3,67.3,84,0,0,,,,,,
2018-12-27 09:00:00,,80.6,64.4,57,4,180,,,,,,
2018-12-27 12:00:00,,81.5,65.3,58,5,180,,,,,,
2018-12-27 15:00:00,,78.8,65.3,63,0,0,,,,,,
2018-12-28 06:00:00,,70.2,68.4,94,3,270,,,,,,
2018-12-28 09:00:00,,78.1,67.1,69,0,0,,,,,,
2018-12-28 12:00:00,,82.4,66.2,58,5,270,,,,,,
2018-12-28 15:00:00,,80.6,64.9,59,6,120,,,,,,
2018-12-29 09:00:00,,77.9,64.4,63,2,270,,,,,,
2018-12-29 12:00:00,,80.6,64.4,57,4,180,,,,,,
2018-12-29 15:00:00,,70.7,65.3,83,0,0,,,,,,
2018-12-30 06:00:00,,69.1,64.8,86,0,0,,,,,,
2019-01-01 06:00:00,,67.1,67.1,100,0,0,,,,,,
2019-01-01 09:00:00,,77.0,66.7,70,2,290,,,,,,
2019-01-01 12:00:00,,81.3,64.0,55,2,140,,,,,,
2019-01-01 15:00:00,,77.9,61.7,57,2,160,,,,,,
2019-01-02 06:00:00,,69.8,67.1,91,4,270,,,,,,
2019-01-02 09:00:00,,78.8,68.0,69,6,180,,,,,,
2019-01-02 12:00:00,,82.8,66.0,57,5,160,,,,,,
2019-01-02 15:00:00,,69.1,68.0,96,0,0,,,,,,
2019-01-03 09:00:00,,82.4,64.0,53,2,110,,,,,,
2019-01-03 15:00:00,,77.0,66.2,69,2,180,,,,,,
2019-01-09 12:00:00,,82.4,66.2,58,2,90,,,,,,
2019-01-09 15:00:00,,80.6,67.1,63,3,120,,,,,,
2019-01-10 06:00:00,,71.6,67.6,87,0,0,,,,,,
2019-01-11 06:00:00,,72.5,65.8,79,3,270,,,,,,
2019-01-11 09:00:00,,82.4,63.5,52,5,180,,,,,,
2019-01-11 12:00:00,,86.0,56.3,36,4,70,,,,,,
2019-01-11 15:00:00,,81.5,61.3,50,2,180,,,,,,
2019-01-12 06:00:00,,73.4,61.3,66,5,110,,,,,,
2019-01-12 09:00:00,,82.4,59.7,46,3,110,,,,,,
2019-01-12 12:00:00,,86.7,58.6,38,0,0,,,,,,
2019-01-12 15:00:00,,83.1,61.5,48,2,180,,,,,,
2019-01-13 06:00:00,,70.7,59.9,68,0,0,,,,,,
2019-01-13 09:00:00,,81.5,62.6,52,7,180,,,,,,
2019-01-13 12:00:00,,87.8,50.5,27,4,200,,,,,,
2019-01-13 15:00:00,,84.2,59.9,44,2,180,,,,,,
2019-01-14 06:00:00,,70.7,66.7,87,0,0,,,,,,
2019-01-14 09:00:00,,78.1,65.7,65,6,340,,,,,,
2019-01-14 12:00:00,,81.5,64.0,55,6,270,,,,,,
2019-01-14 15:00:00,,80.6,65.8,60,4,180,,,,,,
2019-01-15 15:00:00,,68.0,66.7,95,2,270,,,,,,
2019-01-16 06:00:00,,70.9,67.1,87,3,200,,,,,,
2019-01-16 09:00:00,,76.1,68.0,76,5,270,,,,,,
2019-01-16 12:00:00,,77.9,66.4,67,6,270,,,,,,
2019-01-17 06:00:00,,68.9,66.2,91,0,0,,,,,,
2019-01-17 09:00:00,,78.8,68.0,69,7,90,,,,,,
2019-01-17 12:00:00,,81.5,68.0,63,4,90,,,,,,
2019-01-17 15:00:00,,79.7,68.7,69,4,160,,,,,,
2019-01-18 06:00:00,,67.1,66.4,97,0,0,,,,,,
2019-01-18 09:00:00,,75.2,67.1,75,3,330,,,,,,
2019-01-18 12:00:00,,81.5,61.3,50,0,0,,,,,,
2019-01-19 06:00:00,,69.8,68.5,95,2,50,,,,,,
2019-01-19 15:00:00,,67.1,64.8,92,4,180,,,,,,
2019-01-20 06:00:00,,70.2,66.9,89,0,0,,,,,,
2019-01-20 09:00:00,,74.1,67.6,80,2,230,,,,,,
2019-01-20 12:00:00,,77.4,67.6,72,0,0,,,,,,
2019-01-20 15:00:00,,66.2,66.2,100,0,0,,,,,,
2019-01-21 06:00:00,,67.1,66.2,96,0,0,,,,,,
2019-01-21 09:00:00,,73.4,72.1,95,5,290,,,,,,
2019-01-21 12:00:00,,77.9,65.8,66,2,90,,,,,,
2019-01-21 15:00:00,,76.3,67.1,73,2,180,,,,,,
2019-01-22 06:00:00,,69.8,67.1,91,0,0,,,,,,
2019-01-22 09:00:00,,80.6,67.1,63,3,180,,,,,,
2019-01-22 12:00:00,,78.8,68.0,69,0,0,,,,,,
2019-01-22 15:00:00,,67.6,65.5,92,4,160,,,,,,
2019-01-23 06:00:00,,71.6,70.3,95,0,0,,,,,,
2019-01-23 09:00:00,,78.4,72.5,82,3,270,,,,,,
2019-01-23 12:00:00,,76.1,65.3,69,0,0,,,,,,
2019-01-23 15:00:00,,77.0,64.6,65,2,180,,,,,,
2019-01-24 06:00:00,,70.7,70.0,97,2,270,,,,,,
2019-01-24 09:00:00,,75.6,70.7,84,3,230,,,,,,
2019-01-24 12:00:00,,78.8,62.6,57,2,290,,,,,,
2019-01-24 15:00:00,,80.6,64.4,57,2,270,,,,,,
2019-01-25 06:00:00,,69.8,66.2,88,0,50,,,,,,
2019-01-25 09:00:00,,81.5,64.0,55,6,90,,,,,,
2019-01-25 12:00:00,,82.4,65.5,56,5,180,,,,,,
2019-01-25 15:00:00,,78.8,65.8,64,4,160,,,,,,
2019-01-26 06:00:00,,68.9,66.2,91,6,180,,,,,,
2019-01-26 12:00:00,,81.3,66.7,61,3,110,,,,,,
2019-01-26 15:00:00,,80.6,64.4,57,4,160,,,,,,
2019-01-27 09:00:00,,83.3,65.8,55,5,160,,,,,,
2019-01-28 06:00:00,,71.6,67.6,87,0,0,,,,,,
2019-01-28 09:00:00,,80.6,67.1,63,4,180,,,,,,
2019-01-28 12:00:00,,84.2,66.7,55,3,140,,,,,,
2019-01-28 15:00:00,,82.4,66.2,58,4,180,,,,,,
2019-01-29 06:00:00,,70.5,65.1,83,0,0,,,,,,
2019-01-29 09:00:00,,80.6,65.8,60,5,290,,,,,,
2019-01-29 12:00:00,,84.9,66.0,53,4,180,,,,,,
2019-01-29 15:00:00,,83.1,67.3,59,4,230,,,,,,
2019-01-30 06:00:00,,69.1,66.2,90,3,360,,,,,,
2019-01-30 09:00:00,,82.4,63.5,52,4,90,,,,,,
2019-01-31 12:00:00,,82.0,64.2,54,5,160,,,,,,
2019-01-31 15:00:00,,80.6,64.9,59,2,180,,,,,,
2019-02-01 06:00:00,,69.8,65.8,87,0,0,,,,,,
2019-02-02 09:00:00,,85.1,54.1,34,5,160,,,,,,
2019-02-02 12:00:00,,86.4,61.5,43,5,160,,,,,,
2019-02-02 15:00:00,,82.0,60.4,48,4,180,,,,,,
2019-02-03 06:00:00,,72.3,63.7,74,4,160,,,,,,
2019-02-03 09:00:00,,84.2,65.3,53,6,160,,,,,,
2019-02-03 12:00:00,,86.4,57.6,37,4,160,,,,,,
2019-02-03 15:00:00,,82.4,64.6,54,2,160,,,,,,
2019-02-04 12:00:00,,84.2,63.1,49,5,160,,,,,,
2019-02-04 15:00:00,,83.1,65.3,55,4,180,,,,,,
2019-02-05 09:00:00,,82.9,66.6,57,4,90,,,,,,
2019-02-06 06:00:00,,73.4,68.0,83,0,0,,,,,,
2019-02-06 12:00:00,,84.2,65.3,53,4,160,,,,,,
2019-02-06 15:00:00,,80.2,66.2,62,4,140,,,,,,
2019-02-07 06:00:00,,70.7,68.0,91,0,0,,,,,,
2019-02-08 09:00:00,,82.8,66.0,57,3,180,,,,,,
2019-02-08 12:00:00,,86.0,65.5,50,5,160,,,,,,
2019-02-08 15:00:00,,82.0,65.8,58,4,180,,,,,,
2019-02-09 15:00:00,,82.0,65.8,58,4,160,,,,,,
2019-02-10 06:00:00,,73.0,66.6,80,0,0,,,,,,
2019-02-10 09:00:00,,82.8,63.3,52,4,320,,,,,,
2019-02-10 12:00:00,,87.1,61.3,42,0,0,,,,,,
2019-02-11 06:00:00,,72.5,63.9,74,3,300,,,,,,
2019-02-11 09:00:00,,79.7,66.2,63,0,0,,,,,,
2019-02-11 12:00:00,,81.5,64.0,55,0,0,,,,,,
2019-02-11 15:00:00,,76.3,66.6,71,5,180,,,,,,
2019-02-12 09:00:00,,81.5,66.7,61,6,180,,,,,,
2019-02-12 12:00:00,,84.2,65.8,54,4,180,,,,,,
2019-02-12 15:00:00,,81.3,66.2,60,4,160,,,,,,
2019-02-13 06:00:00,,72.5,68.5,87,0,0,,,,,,
2019-02-14 12:00:00,,88.7,56.3,33,6,160,,,,,,
2019-02-14 15:00:00,,86.0,60.4,42,4,140,,,,,,
2019-02-15 06:00:00,,70.5,64.9,82,6,270,,,,,,
2019-02-15 09:00:00,,82.4,66.2,58,7,270,,,,,,
2019-02-15 12:00:00,,85.6,63.0,46,5,250,,,,,,
2019-02-16 06:00:00,,72.7,64.4,75,3,290,,,,,,
2019-02-16 09:00:00,,80.6,64.9,59,2,250,,,,,,
2019-02-16 12:00:00,,83.3,64.4,53,6,180,,,,,,
2019-02-16 15:00:00,,83.1,65.3,55,3,160,,,,,,
2019-02-17 12:00:00,,77.9,64.8,64,2,200,,,,,,
2019-02-17 15:00:00,,80.6,66.6,62,2,180,,,,,,
2019-02-18 06:00:00,,69.8,65.5,86,2,290,,,,,,
2019-02-18 09:00:00,,81.3,64.6,56,6,320,,,,,,
2019-02-19 06:00:00,,68.4,65.1,89,4,270,,,,,,
2019-02-19 09:00:00,,78.8,61.5,55,6,300,,,,,,
2019-02-19 12:00:00,,86.0,59.0,40,4,290,,,,,,
2019-02-19 15:00:00,,85.3,59.9,42,4,270,,,,,,
2019-02-20 09:00:00,,83.3,60.4,46,2,180,,,,,,
2019-02-20 12:00:00,,83.1,64.2,53,6,160,,,,,,
2019-02-21 06:00:00,,68.0,66.7,95,0,0,,,,,,
2019-02-21 12:00:00,,82.4,66.2,58,3,270,,,,,,
2019-02-21 15:00:00,,81.3,65.7,59,4,180,,,,,,
2019-02-22 12:00:00,,80.2,63.5,56,4,270,,,,,,
2019-02-22 15:00:00,,82.4,64.0,53,4,290,,,,,,
2019-02-23 06:00:00,,67.1,64.2,90,4,270,,,,,,
2019-02-23 09:00:00,,77.0,64.9,66,5,290,,,,,,
2019-02-23 12:00:00,,80.6,64.9,59,0,0,,,,,,
2019-02-25 09:00:00,,78.4,65.5,64,8,180,,,,,,
2019-02-25 12:00:00,,80.2,66.0,62,8,160,,,,,,
2019-02-25 15:00:00,,79.7,66.2,63,4,180,,,,,,
2019-02-26 09:00:00,,83.3,64.4,53,5,160,,,,,,
2019-02-27 06:00:00,,73.4,65.8,77,0,0,,,,,,
2019-02-27 12:00:00,,86.0,59.5,41,8,160,,,,,,
2019-02-27 15:00:00,,83.1,64.2,53,4,180,,,,,,
2019-02-28 06:00:00,,74.8,66.7,75,0,0,,,,,,
2019-02-28 09:00:00,,78.4,65.5,64,8,320,,,,,,
2019-02-28 12:00:00,,84.2,66.2,54,4,230,,,,,,
2019-02-28 15:00:00,,83.1,64.2,53,4,160,,,,,,
2019-03-01 12:00:00,,86.0,63.1,46,4,250,,,,,,
2019-03-01 15:00:00,,83.8,65.5,54,2,180,,,,,,
2019-03-02 06:00:00,,70.5,65.5,84,4,180,,,,,,
2019-03-02 09:00:00,,70.7,68.0,91,0,0,,,,,,
2019-03-03 06:00:00,,70.7,65.1,82,0,0,,,,,,
2019-03-03 09:00:00,,78.1,65.7,65,4,290,,,,,,
2019-03-03 12:00:00,,80.6,65.5,60,5,180,,,,,,
2019-03-04 15:00:00,,69.8,65.5,86,4,270,,,,,,
2019-03-05 06:00:00,,70.7,68.0,91,0,0,,,,,,
2019-03-05 09:00:00,,79.7,66.2,63,3,250,,,,,,
2019-03-05 12:00:00,,80.6,67.1,63,4,180,,,,,,
2019-03-05 15:00:00,,78.8,65.3,63,2,180,,,,,,
2019-03-06 06:00:00,,72.0,66.0,81,3,160,,,,,,
2019-03-06 09:00:00,,81.5,67.5,62,0,0,,,,,,
2019-03-06 12:00:00,,73.4,65.3,75,4,270,,,,,,
2019-03-06 15:00:00,,80.6,65.8,60,4,180,,,,,,
2019-03-07 06:00:00,,70.7,65.1,82,4,230,,,,,,
2019-03-07 09:00:00,,78.8,65.3,63,3,160,,,,,,
2019-03-07 12:00:00,,82.0,65.1,56,2,180,,,,,,
2019-03-07 15:00:00,,77.0,66.2,69,4,160,,,,,,
2019-03-08 06:00:00,,71.6,66.2,83,0,0,,,,,,
2019-03-08 09:00:00,,81.3,64.0,55,4,50,,,,,,
2019-03-08 12:00:00,,83.1,63.1,51,4,180,,,,,,
2019-03-08 15:00:00,,81.0,64.2,56,2,180,,,,,,
2019-03-09 09:00:00,,82.0,65.3,57,4,160,,,,,,
2019-03-09 12:00:00,,82.4,63.5,52,4,180,,,,,,
2019-03-09 15:00:00,,81.3,65.5,58,4,160,,,,,,
2019-03-10 15:00:00,,81.5,65.3,58,4,160,,,,,,
2019-03-11 06:00:00,,73.4,66.9,80,3,230,,,,,,
2019-03-11 09:00:00,,81.3,66.7,61,3,270,,,,,,
2019-03-11 12:00:00,,84.6,65.1,52,2,180,,,,,,
2019-03-12 09:00:00,,82.4,64.9,55,8,180,,,,,,
2019-03-12 15:00:00,,80.6,65.5,60,4,160,,,,,,
2019-03-13 12:00:00,,83.3,64.2,52,5,230,,,,,,
2019-03-13 15:00:00,,80.6,65.5,60,4,270,,,,,,
2019-03-14 06:00:00,,74.3,63.5,69,0,0,,,,,,
2019-03-14 09:00:00,,82.0,64.2,54,5,180,,,,,,
2019-03-14 15:00:00,,81.3,66.2,60,4,180,,,,,,
2019-03-19 06:00:00,,74.3,67.6,79,2,270,,,,,,
2019-03-19 09:00:00,,86.0,65.5,50,3,160,,,,,,
2019-03-20 12:00:00,,86.4,65.7,50,6,90,,,,,,
2019-03-21 06:00:00,,74.3,66.2,75,4,110,,,,,,
2019-03-21 12:00:00,,82.4,66.2,58,4,270,,,,,,
2019-03-22 09:00:00,,84.6,65.7,53,6,160,,,,,,
2019-03-25 15:00:00,,81.7,66.6,60,4,180,,,,,,
2019-03-26 06:00:00,,71.6,66.2,83,6,360,,,,,,
2019-03-26 15:00:00,,77.0,66.2,69,5,180,,,,,,
2019-03-27 09:00:00,,81.5,64.0,55,4,250,,,,,,
2019-03-27 12:00:00,,70.2,68.4,94,0,0,,,,,,
2019-03-28 06:00:00,,68.5,67.8,97,2,180,,,,,,
2019-03-28 09:00:00,,79.2,63.5,58,3,250,,,,,,
2019-03-28 12:00:00,,82.0,63.7,53,3,180,,,,,,
2019-03-29 09:00:00,,82.4,66.2,58,2,90,,,,,,
2019-03-29 12:00:00,,86.4,61.5,43,4,90,,,,,,
2019-03-30 06:00:00,,72.3,68.5,87,0,0,,,,,,
2019-03-30 15:00:00,,78.8,66.7,66,4,160,,,,,,
2019-03-31 12:00:00,,83.3,65.8,55,8,160,,,,,,
2019-03-31 15:00:00,,79.5,66.6,64,5,180,,,,,,
2019-04-01 06:00:00,,73.8,65.1,74,2,50,,,,,,
2019-04-01 09:00:00,,82.4,66.2,58,6,160,,,,,,
2019-04-02 06:00:00,,66.6,66.0,98,2,250,,,,,,
2019-04-02 09:00:00,,76.1,68.0,76,4,160,,,,,,
2019-04-03 09:00:00,,82.8,64.9,55,6,160,,,,,,
2019-04-03 15:00:00,,78.8,66.7,66,4,180,,,,,,
2019-04-04 12:00:00,,81.3,66.7,61,8,160,,,,,,
2019-04-05 06:00:00,,75.9,66.7,73,4,160,,,,,,
2019-04-05 09:00:00,,83.1,66.9,58,4,180,,,,,,
2019-04-05 15:00:00,,80.6,66.0,61,4,160,,,,,,
2019-04-06 15:00:00,,81.5,66.7,61,2,180,,,,,,
2019-04-07 09:00:00,,86.7,64.0,46,4,160,,,,,,
2019-04-07 15:00:00,,81.5,68.0,63,4,160,,,,,,
2019-04-08 15:00:00,,83.3,65.8,55,3,160,,,,,,
2019-04-09 09:00:00,,65.3,65.3,100,2,180,,,,,,
2019-04-09 15:00:00,,76.6,66.9,72,3,160,,,,,,
2019-04-10 06:00:00,,69.8,66.6,89,2,160,,,,,,
2019-04-10 12:00:00,,78.8,68.0,69,4,180,,,,,,
2019-04-11 15:00:00,,79.5,67.6,67,4,180,,,,,,
2019-04-12 06:00:00,,74.3,66.9,77,2,230,,,,,,
2019-04-12 09:00:00,,82.4,67.6,61,4,180,,,,,,
2019-04-12 12:00:00,,82.4,68.4,62,4,180,,,,,,
2019-04-12 15:00:00,,76.6,69.1,77,2,180,,,,,,
2019-04-13 15:00:00,,80.6,67.1,63,3,180,,,,,,
2019-04-14 06:00:00,,69.8,68.2,94,0,0,,,,,,
2019-04-15 09:00:00,,81.0,66.9,62,4,200,,,,,,
2019-04-15 12:00:00,,82.4,66.2,58,4,160,,,,,,
2019-04-15 15:00:00,,79.2,66.2,64,4,180,,,,,,
2019-04-16 06:00:00,,73.8,66.7,78,4,290,,,,,,
2019-04-16 15:00:00,,78.8,66.7,66,4,200,,,,,,
2019-04-17 09:00:00,,74.3,64.9,72,3,180,,,,,,
2019-04-18 06:00:00,,73.4,68.5,84,0,0,,,,,,
2019-04-18 12:00:00,,84.2,65.3,53,4,180,,,,,,
2019-04-19 06:00:00,,75.6,66.9,74,0,0,,,,,,
2019-04-19 09:00:00,,83.1,65.8,56,4,180,,,,,,
2019-04-19 15:00:00,,83.1,66.9,58,4,180,,,,,,
2019-04-20 09:00:00,,82.4,63.5,52,4,230,,,,,,
2019-04-20 12:00:00,,83.1,64.2,53,4,290,,,,,,
2019-04-20 15:00:00,,82.8,66.0,57,4,180,,,,,,
2019-04-21 09:00:00,,83.3,64.4,53,3,180,,,,,,
2019-04-22 06:00:00,,66.2,66.2,100,2,180,,,,,,
2019-04-22 12:00:00,,80.6,64.4,57,4,230,,,,,,
2019-04-22 15:00:00,,79.2,66.7,65,4,180,,,,,,
2019-04-23 15:00:00,,76.1,66.7,72,4,160,,,,,,
2019-04-24 06:00:00,,74.3,67.6,79,2,90,,,,,,
2019-04-24 09:00:00,,80.6,64.4,57,2,180,,,,,,
2019-04-24 12:00:00,,83.8,66.9,56,4,180,,,,,,
2019-04-25 15:00:00,,78.8,68.0,69,2,180,,,,,,
2019-04-26 09:00:00,,70.5,67.8,91,0,0,,,,,,
2019-04-29 06:00:00,,70.7,68.0,91,3,180,,,,,,
2019-04-29 09:00:00,,78.8,65.3,63,2,180,,,,,,
2019-05-02 12:00:00,,80.6,65.5,60,5,160,,,,,,
2019-05-02 15:00:00,,71.6,65.7,81,2,180,,,,,,
2019-05-03 06:00:00,,72.5,69.8,91,0,0,,,,,,
2019-05-03 09:00:00,,78.1,68.4,72,4,180,,,,,,
2019-05-05 12:00:00,,81.5,66.7,61,4,160,,,,,,
2019-05-05 15:00:00,,77.9,67.1,69,4,180,,,,,,
2019-05-06 06:00:00,,75.6,68.4,78,4,160,,,,,,
2019-05-06 09:00:00,,81.3,66.7,61,5,180,,,,,,
2019-05-08 12:00:00,,75.2,65.8,72,4,230,,,,,,
2019-05-09 15:00:00,,77.0,66.2,69,2,160,,,,,,
2019-05-10 06:00:00,,72.5,68.5,87,3,160,,,,,,
2019-05-10 09:00:00,,79.7,68.7,69,3,180,,,,,,
2019-05-10 12:00:00,,79.7,65.5,61,4,180,,,,,,
2019-05-10 15:00:00,,77.4,66.6,69,4,160,,,,,,
2019-05-13 15:00:00,,77.0,66.7,70,4,180,,,,,,
2019-05-14 12:00:00,,80.6,67.1,63,2,180,,,,,,
2019-05-14 15:00:00,,77.9,68.5,73,4,180,,,,,,
2019-05-15 06:00:00,,68.0,66.9,96,4,250,,,,,,
2019-05-15 09:00:00,,79.5,67.6,67,4,270,,,,,,
2019-05-17 15:00:00,,78.8,68.0,69,4,160,,,,,,
2019-05-18 15:00:00,,79.2,67.3,67,3,180,,,,,,
2019-05-19 06:00:00,,63.5,63.5,100,0,0,,,,,,
2019-05-19 09:00:00,,65.1,65.1,100,4,250,,,,,,
2019-05-19 15:00:00,,74.3,66.2,75,4,160,,,,,,
2019-05-20 12:00:00,,76.1,67.3,74,2,270,,,,,,
2019-05-20 15:00:00,,77.7,68.5,73,4,160,,,,,,
2019-05-21 06:00:00,,72.3,67.3,84,2,160,,,,,,
2019-05-21 15:00:00,,77.0,66.2,69,2,180,,,,,,
2019-05-22 06:00:00,,73.4,69.4,87,2,180,,,,,,
2019-05-22 09:00:00,,77.9,68.5,73,4,180,,,,,,
2019-05-22 15:00:00,,77.0,67.6,72,2,160,,,,,,
2019-05-23 12:00:00,,77.4,67.5,71,2,340,,,,,,
2019-05-24 15:00:00,,75.2,66.0,73,4,160,,,,,,
2019-05-25 12:00:00,,78.8,65.3,63,5,160,,,,,,
2019-05-26 15:00:00,,77.0,64.0,64,2,140,,,,,,
2019-05-27 06:00:00,,69.8,67.1,91,4,200,,,,,,
2019-05-27 09:00:00,,74.1,67.6,80,4,180,,,,,,
2019-05-27 12:00:00,,75.2,65.8,72,6,180,,,,,,
2019-05-27 15:00:00,,75.2,67.1,75,2,160,,,,,,
2019-05-28 06:00:00,,69.8,69.8,100,0,0,,,,,,
2019-05-28 09:00:00,,75.2,68.5,79,2,340,,,,,,
2019-05-28 12:00:00,,78.8,66.9,67,2,140,,,,,,
2019-05-28 15:00:00,,77.0,66.2,69,0,0,,,,,,
2019-05-29 09:00:00,,78.8,68.0,69,0,0,,,,,,
2019-05-29 12:00:00,,77.9,65.8,66,3,160,,,,,,
2019-05-30 06:00:00,,72.5,69.6,90,0,0,,,,,,
2019-05-30 15:00:00,,77.0,66.2,69,2,160,,,,,,
2019-05-31 12:00:00,,80.6,65.8,60,2,180,,,,,,
2019-05-31 15:00:00,,77.0,63.5,63,0,0,,,,,,
2019-06-01 06:00:00,,68.0,66.7,95,3,70,,,,,,
2019-06-01 09:00:00,,74.3,67.6,79,3,270,,,,,,
2019-06-03 15:00:00,,68.0,65.3,91,0,0,,,,,,
2019-06-04 06:00:00,,67.1,67.1,100,0,0,,,,,,
2019-06-04 09:00:00,,77.4,67.6,72,2,180,,,,,,
2019-06-04 12:00:00,,65.3,65.3,100,4,180,,,,,,
2019-06-05 15:00:00,,75.2,65.8,72,8,110,,,,,,
2019-06-06 06:00:00,,69.4,67.8,94,0,0,,,,,,
2019-06-06 09:00:00,,77.0,66.2,69,2,290,,,,,,
2019-06-06 12:00:00,,79.7,64.9,60,0,0,,,,,,
2019-06-07 06:00:00,,65.5,65.5,100,0,0,,,,,,
2019-06-07 09:00:00,,70.7,70.7,100,4,160,,,,,,
2019-06-07 12:00:00,,75.2,64.4,69,2,90,,,,,,
2019-06-09 15:00:00,,71.6,67.6,87,0,0,,,,,,
2019-06-10 06:00:00,,69.8,67.1,91,0,0,,,,,,
2019-06-10 15:00:00,,73.4,64.8,74,3,110,,,,,,
2019-06-11 09:00:00,,77.0,68.0,73,4,90,,,,,,
2019-06-11 15:00:00,,73.4,65.3,75,4,110,,,,,,
2019-06-12 12:00:00,,77.0,67.6,72,6,180,,,,,,
2019-06-13 06:00:00,,68.7,68.7,100,0,0,,,,,,
2019-06-14 15:00:00,,77.0,67.6,72,4,270,,,,,,
2019-06-15 06:00:00,,70.7,66.0,85,0,0,,,,,,
2019-06-15 09:00:00,,66.2,66.2,100,6,180,,,,,,
2019-06-15 12:00:00,,74.3,66.2,75,7,180,,,,,,
2019-06-15 15:00:00,,74.1,66.0,75,4,180,,,,,,
2019-06-26 06:00:00,,67.1,67.1,100,6,180,,,,,,
2019-06-26 09:00:00,,71.6,68.5,90,2,290,,,,,,
2019-06-26 12:00:00,,68.9,66.2,91,2,250,,,,,,
2019-06-26 15:00:00,,74.3,64.9,72,0,0,,,,,,
2019-06-27 06:00:00,,68.0,65.3,91,0,0,,,,,,
